195.0
197.0
200.0
205.0
208.0
211.0
215.0
217.0
222.0
230.0
235.0
239.0
239.0
240.0
237.0
228.0
218.0
210.0
200.0
194.0
190.0
189.0
186.0
185.0
187.0
190.0
198.0
201.0
204.0
203.0
202.0
204.0
203.0
202.0
204.0
202.0
201.0
202.0
205.0
208.0
205.0
209.0
208.0
210.0
209.0
214.0
210.0
209.0
212.0
213.0
215.0
218.0
222.0
218.0
218.0
216.0
212.0
215.0
220.0
222.0
219.0
221.0
209.0
208.0
199.0
202.0
202.0
202.0
205.0
208.0
226.0
225.0
287.0
389.0
282.0
205.0
157.0
167.0
182.0
185.0
189.0
191.0
195.0
196.0
199.0
205.0
207.0
209.0
209.0
213.0
215.0
222.0
228.0
235.0
234.0
233.0
232.0
212.0
212.0
206.0
201.0
198.0
195.0
190.0
191.0
194.0
197.0
199.0
205.0
208.0
209.0
211.0
215.0
217.0
218.0
216.0
215.0
215.0
214.0
210.0
208.0
207.0
201.0
206.0
210.0
210.0
204.0
206.0
209.0
207.0
208.0
206.0
208.0
208.0
207.0
208.0
214.0
220.0
223.0
221.0
224.0
213.0
213.0
203.0
201.0
196.0
193.0
195.0
196.0
209.0
212.0
273.0
374.0
281.0
203.0
154.0
162.0
175.0
179.0
184.0
187.0
193.0
196.0
199.0
201.0
203.0
208.0
210.0
212.0
218.0
218.0
227.0
231.0
232.0
233.0
229.0
222.0
214.0
207.0
194.0
187.0
185.0
184.0
185.0
185.0
188.0
191.0
191.0
192.0
191.0
195.0
196.0
198.0
195.0
200.0
201.0
203.0
204.0
203.0
204.0
207.0
208.0
203.0
205.0
209.0
210.0
212.0
212.0
212.0
213.0
215.0
211.0
214.0
213.0
216.0
212.0
212.0
212.0
209.0
206.0
211.0
212.0
211.0
211.0
213.0
213.0
214.0
213.0
213.0
213.0
214.0
216.0
225.0
219.0
226.0
220.0
214.0
206.0
202.0
200.0
203.0
204.0
206.0
214.0
219.0
252.0
343.0
363.0
222.0
165.0
154.0
174.0
176.0
175.0
181.0
189.0
193.0
196.0
200.0
202.0
207.0
204.0
208.0
212.0
216.0
213.0
221.0
223.0
221.0
222.0
215.0
216.0
208.0
200.0
192.0
186.0
184.0
187.0
190.0
193.0
195.0
196.0
200.0
202.0
203.0
206.0
205.0
210.0
210.0
210.0
210.0
210.0
211.0
210.0
209.0
209.0
206.0
206.0
209.0
206.0
210.0
210.0
209.0
210.0
211.0
212.0
212.0
206.0
212.0
213.0
214.0
215.0
217.0
219.0
227.0
231.0
228.0
235.0
224.0
218.0
208.0
206.0
203.0
207.0
206.0
207.0
216.0
218.0
267.0
359.0
310.0
207.0
159.0
152.0
167.0
173.0
177.0
183.0
191.0
195.0
198.0
201.0
202.0
205.0
210.0
212.0
215.0
221.0
227.0
229.0
232.0
230.0
227.0
224.0
219.0
214.0
202.0
197.0
193.0
193.0
193.0
194.0
194.0
197.0
197.0
197.0
200.0
202.0
206.0
204.0
206.0
207.0
206.0
206.0
205.0
213.0
216.0
212.0
212.0
211.0
211.0
212.0
213.0
211.0
208.0
210.0
209.0
208.0
207.0
206.0
206.0
207.0
208.0
210.0
212.0
211.0
219.0
226.0
216.0
223.0
216.0
209.0
201.0
199.0
196.0
198.0
201.0
202.0
209.0
218.0
252.0
342.0
358.0
221.0
168.0
158.0
178.0
182.0
184.0
189.0
191.0
197.0
196.0
201.0
202.0
204.0
204.0
209.0
215.0
216.0
225.0
230.0
232.0
238.0
236.0
231.0
221.0
214.0
206.0
197.0
189.0
189.0
187.0
189.0
188.0
192.0
193.0
195.0
193.0
198.0
202.0
206.0
205.0
209.0
208.0
208.0
208.0
209.0
210.0
210.0
207.0
207.0
204.0
206.0
210.0
207.0
203.0
201.0
202.0
203.0
205.0
205.0
207.0
208.0
210.0
213.0
213.0
215.0
212.0
216.0
212.0
218.0
225.0
228.0
226.0
230.0
219.0
214.0
205.0
204.0
203.0
204.0
204.0
207.0
223.0
228.0
289.0
389.0
264.0
198.0
154.0
166.0
181.0
182.0
186.0
189.0
191.0
196.0
199.0
201.0
208.0
211.0
214.0
214.0
224.0
228.0
227.0
232.0
233.0
232.0
229.0
226.0
216.0
208.0
198.0
189.0
182.0
179.0
183.0
187.0
189.0
189.0
193.0
195.0
199.0
200.0
202.0
204.0
203.0
204.0
205.0
204.0
201.0
202.0
204.0
201.0
200.0
198.0
201.0
203.0
207.0
207.0
208.0
209.0
207.0
209.0
210.0
210.0
217.0
213.0
211.0
213.0
216.0
219.0
221.0
219.0
218.0
222.0
229.0
219.0
229.0
223.0
212.0
207.0
202.0
199.0
201.0
204.0
210.0
213.0
227.0
247.0
325.0
391.0
235.0
179.0
150.0
175.0
178.0
182.0
186.0
188.0
192.0
196.0
197.0
200.0
203.0
206.0
210.0
212.0
214.0
222.0
226.0
231.0
235.0
236.0
231.0
222.0
212.0
202.0
194.0
190.0
188.0
186.0
188.0
190.0
193.0
194.0
195.0
198.0
196.0
200.0
205.0
208.0
208.0
206.0
201.0
206.0
208.0
208.0
211.0
209.0
210.0
209.0
211.0
213.0
213.0
207.0
206.0
207.0
208.0
207.0
209.0
209.0
209.0
209.0
208.0
208.0
210.0
209.0
210.0
212.0
212.0
210.0
210.0
210.0
216.0
220.0
219.0
223.0
224.0
213.0
209.0
201.0
198.0
193.0
197.0
198.0
202.0
221.0
231.0
302.0
394.0
241.0
181.0
146.0
168.0
178.0
181.0
186.0
189.0
192.0
197.0
200.0
205.0
209.0
213.0
216.0
217.0
218.0
220.0
223.0
225.0
227.0
230.0
229.0
223.0
213.0
207.0
198.0
192.0
191.0
189.0
190.0
193.0
197.0
199.0
201.0
207.0
210.0
211.0
214.0
216.0
220.0
222.0
222.0
224.0
220.0
218.0
219.0
218.0
213.0
215.0
210.0
211.0
207.0
208.0
209.0
210.0
211.0
211.0
209.0
209.0
211.0
212.0
220.0
224.0
222.0
226.0
213.0
212.0
203.0
201.0
202.0
202.0
203.0
204.0
216.0
215.0
272.0
369.0
306.0
207.0
159.0
157.0
176.0
181.0
185.0
187.0
191.0
194.0
199.0
201.0
205.0
208.0
210.0
213.0
220.0
224.0
230.0
235.0
235.0
235.0
233.0
228.0
218.0
208.0
199.0
195.0
190.0
191.0
192.0
192.0
196.0
196.0
195.0
198.0
199.0
199.0
200.0
201.0
203.0
203.0
207.0
202.0
204.0
201.0
202.0
202.0
204.0
202.0
202.0
202.0
203.0
205.0
204.0
204.0
205.0
206.0
208.0
207.0
210.0
212.0
214.0
212.0
211.0
210.0
208.0
208.0
209.0
210.0
209.0
208.0
215.0
222.0
215.0
220.0
218.0
209.0
205.0
203.0
200.0
197.0
202.0
204.0
216.0
218.0
265.0
357.0
337.0
213.0
163.0
157.0
177.0
177.0
182.0
188.0
192.0
195.0
200.0
204.0
203.0
206.0
208.0
211.0
217.0
222.0
227.0
231.0
233.0
233.0
229.0
225.0
218.0
209.0
197.0
191.0
187.0
184.0
185.0
187.0
192.0
190.0
198.0
199.0
202.0
206.0
206.0
207.0
206.0
207.0
209.0
209.0
211.0
209.0
208.0
208.0
208.0
210.0
210.0
207.0
209.0
211.0
210.0
211.0
212.0
209.0
212.0
212.0
212.0
213.0
209.0
211.0
213.0
212.0
213.0
217.0
216.0
218.0
218.0
219.0
223.0
229.0
224.0
236.0
227.0
220.0
216.0
209.0
208.0
211.0
212.0
212.0
218.0
223.0
260.0
355.0
352.0
229.0
175.0
154.0
175.0
178.0
179.0
182.0
184.0
192.0
195.0
200.0
201.0
205.0
209.0
211.0
214.0
220.0
222.0
227.0
226.0
229.0
227.0
224.0
216.0
209.0
199.0
199.0
191.0
187.0
188.0
184.0
187.0
189.0
191.0
193.0
196.0
196.0
198.0
202.0
201.0
202.0
204.0
205.0
204.0
205.0
204.0
205.0
205.0
206.0
207.0
207.0
203.0
205.0
208.0
209.0
208.0
205.0
206.0
207.0
205.0
208.0
206.0
208.0
206.0
208.0
209.0
211.0
207.0
209.0
208.0
208.0
207.0
211.0
211.0
210.0
213.0
214.0
212.0
213.0
211.0
213.0
216.0
223.0
220.0
227.0
226.0
213.0
205.0
202.0
200.0
197.0
199.0
204.0
207.0
219.0
244.0
332.0
378.0
227.0
171.0
146.0
171.0
173.0
173.0
181.0
183.0
186.0
192.0
197.0
199.0
204.0
205.0
211.0
213.0
213.0
223.0
228.0
231.0
236.0
235.0
233.0
224.0
218.0
208.0
200.0
191.0
189.0
186.0
186.0
189.0
193.0
194.0
197.0
197.0
199.0
201.0
203.0
204.0
204.0
205.0
202.0
204.0
207.0
206.0
206.0
203.0
204.0
206.0
206.0
207.0
205.0
206.0
204.0
206.0
205.0
205.0
204.0
207.0
207.0
207.0
210.0
209.0
211.0
213.0
212.0
211.0
214.0
215.0
215.0
216.0
217.0
219.0
217.0
216.0
214.0
215.0
215.0
215.0
214.0
219.0
225.0
224.0
232.0
231.0
217.0
213.0
205.0
201.0
202.0
200.0
205.0
208.0
222.0
242.0
324.0
385.0
233.0
178.0
148.0
173.0
178.0
182.0
186.0
189.0
189.0
194.0
196.0
200.0
203.0
206.0
212.0
208.0
216.0
221.0
227.0
233.0
234.0
233.0
232.0
227.0
218.0
212.0
201.0
195.0
188.0
189.0
188.0
190.0
190.0
193.0
194.0
198.0
200.0
202.0
203.0
202.0
203.0
206.0
206.0
207.0
208.0
210.0
210.0
211.0
209.0
208.0
207.0
210.0
209.0
208.0
208.0
206.0
207.0
208.0
207.0
206.0
207.0
208.0
204.0
203.0
202.0
204.0
206.0
204.0
204.0
204.0
204.0
207.0
206.0
211.0
211.0
210.0
212.0
218.0
219.0
225.0
223.0
212.0
209.0
202.0
201.0
200.0
201.0
203.0
206.0
224.0
235.0
313.0
400.0
236.0
175.0
140.0
165.0
173.0
174.0
176.0
182.0
187.0
192.0
197.0
203.0
208.0
207.0
212.0
218.0
223.0
228.0
233.0
238.0
241.0
240.0
235.0
228.0
221.0
212.0
203.0
198.0
194.0
190.0
192.0
193.0
197.0
200.0
201.0
204.0
206.0
206.0
207.0
210.0
211.0
214.0
216.0
214.0
214.0
212.0
214.0
208.0
209.0
209.0
211.0
214.0
216.0
215.0
212.0
215.0
214.0
216.0
213.0
211.0
209.0
208.0
210.0
209.0
211.0
212.0
210.0
209.0
211.0
212.0
217.0
223.0
223.0
228.0
219.0
213.0
204.0
203.0
201.0
202.0
204.0
205.0
217.0
220.0
275.0
376.0
305.0
208.0
156.0
155.0
171.0
173.0
176.0
184.0
186.0
193.0
198.0
202.0
203.0
206.0
211.0
212.0
214.0
218.0
225.0
231.0
232.0
236.0
231.0
230.0
214.0
211.0
202.0
193.0
186.0
185.0
184.0
188.0
190.0
193.0
194.0
198.0
197.0
200.0
199.0
199.0
202.0
205.0
207.0
210.0
210.0
208.0
208.0
203.0
203.0
204.0
206.0
206.0
205.0
207.0
207.0
209.0
207.0
206.0
207.0
209.0
208.0
208.0
210.0
211.0
212.0
211.0
212.0
211.0
213.0
212.0
210.0
211.0
211.0
211.0
209.0
207.0
205.0
208.0
208.0
210.0
217.0
226.0
219.0
228.0
219.0
214.0
209.0
204.0
200.0
204.0
205.0
207.0
218.0
220.0
274.0
378.0
330.0
215.0
162.0
159.0
173.0
175.0
177.0
183.0
188.0
192.0
196.0
200.0
202.0
203.0
210.0
214.0
219.0
223.0
229.0
233.0
235.0
235.0
237.0
229.0
220.0
213.0
204.0
197.0
192.0
190.0
186.0
188.0
189.0
193.0
198.0
200.0
202.0
201.0
204.0
208.0
209.0
211.0
210.0
208.0
207.0
208.0
209.0
210.0
207.0
206.0
205.0
206.0
206.0
207.0
209.0
206.0
206.0
208.0
208.0
209.0
210.0
208.0
212.0
209.0
210.0
208.0
209.0
209.0
211.0
211.0
209.0
210.0
212.0
209.0
215.0
222.0
217.0
227.0
223.0
212.0
207.0
205.0
200.0
203.0
205.0
207.0
215.0
222.0
256.0
346.0
372.0
234.0
182.0
157.0
179.0
182.0
186.0
189.0
192.0
194.0
199.0
205.0
208.0
208.0
211.0
211.0
216.0
220.0
223.0
226.0
231.0
232.0
229.0
228.0
219.0
213.0
207.0
198.0
193.0
188.0
190.0
190.0
193.0
195.0
197.0
201.0
203.0
204.0
207.0
207.0
209.0
210.0
212.0
211.0
212.0
212.0
211.0
211.0
211.0
208.0
211.0
212.0
209.0
209.0
208.0
206.0
208.0
207.0
206.0
206.0
207.0
208.0
208.0
208.0
206.0
206.0
206.0
216.0
217.0
214.0
215.0
217.0
215.0
213.0
209.0
210.0
212.0
216.0
222.0
215.0
223.0
214.0
212.0
202.0
202.0
198.0
203.0
203.0
203.0
216.0
215.0
275.0
379.0
302.0
190.0
148.0
156.0
173.0
175.0
180.0
185.0
188.0
191.0
195.0
199.0
199.0
204.0
209.0
214.0
214.0
220.0
224.0
229.0
231.0
231.0
232.0
230.0
222.0
215.0
204.0
197.0
189.0
188.0
187.0
186.0
189.0
193.0
194.0
196.0
199.0
202.0
204.0
204.0
205.0
206.0
205.0
210.0
208.0
208.0
209.0
209.0
208.0
207.0
206.0
205.0
207.0
208.0
209.0
210.0
209.0
210.0
211.0
209.0
212.0
210.0
209.0
212.0
212.0
214.0
212.0
211.0
213.0
210.0
213.0
210.0
211.0
213.0
213.0
212.0
209.0
210.0
210.0
209.0
211.0
212.0
211.0
214.0
215.0
218.0
227.0
222.0
230.0
227.0
217.0
212.0
205.0
200.0
202.0
203.0
203.0
208.0
217.0
245.0
334.0
377.0
231.0
176.0
149.0
173.0
177.0
181.0
185.0
187.0
192.0
196.0
201.0
203.0
207.0
206.0
211.0
213.0
218.0
222.0
228.0
232.0
234.0
231.0
230.0
223.0
212.0
202.0
194.0
188.0
186.0
186.0
187.0
184.0
189.0
191.0
196.0
199.0
194.0
198.0
203.0
204.0
206.0
209.0
206.0
206.0
207.0
208.0
207.0
208.0
206.0
207.0
208.0
204.0
206.0
208.0
207.0
206.0
208.0
209.0
213.0
213.0
215.0
215.0
214.0
213.0
215.0
214.0
214.0
210.0
211.0
213.0
212.0
214.0
211.0
210.0
213.0
213.0
218.0
222.0
220.0
227.0
227.0
215.0
212.0
203.0
199.0
199.0
202.0
202.0
205.0
221.0
237.0
315.0
401.0
236.0
181.0
144.0
170.0
178.0
178.0
181.0
185.0
191.0
194.0
197.0
202.0
203.0
207.0
209.0
211.0
215.0
222.0
229.0
235.0
239.0
237.0
234.0
231.0
224.0
214.0
202.0
193.0
187.0
188.0
188.0
188.0
193.0
194.0
197.0
198.0
199.0
197.0
199.0
201.0
202.0
202.0
205.0
207.0
209.0
208.0
208.0
208.0
207.0
208.0
206.0
204.0
209.0
210.0
208.0
209.0
208.0
208.0
209.0
208.0
210.0
208.0
210.0
210.0
208.0
209.0
210.0
210.0
212.0
213.0
211.0
210.0
211.0
213.0
211.0
211.0
209.0
213.0
212.0
213.0
210.0
210.0
211.0
205.0
208.0
210.0
216.0
218.0
223.0
224.0
213.0
212.0
203.0
198.0
199.0
202.0
202.0
206.0
220.0
232.0
311.0
403.0
240.0
184.0
144.0
161.0
170.0
174.0
180.0
186.0
190.0
190.0
194.0
200.0
198.0
204.0
207.0
210.0
217.0
225.0
229.0
234.0
239.0
240.0
239.0
232.0
226.0
216.0
207.0
197.0
194.0
188.0
189.0
193.0
197.0
199.0
202.0
206.0
205.0
208.0
209.0
208.0
208.0
210.0
211.0
214.0
214.0
210.0
207.0
209.0
209.0
208.0
208.0
208.0
211.0
205.0
204.0
204.0
206.0
206.0
208.0
207.0
208.0
208.0
210.0
207.0
207.0
207.0
208.0
210.0
211.0
209.0
212.0
211.0
215.0
222.0
220.0
223.0
212.0
209.0
197.0
194.0
194.0
198.0
201.0
201.0
217.0
217.0
281.0
387.0
308.0
210.0
160.0
163.0
176.0
179.0
182.0
185.0
190.0
195.0
198.0
200.0
200.0
205.0
208.0
211.0
214.0
220.0
226.0
230.0
234.0
236.0
232.0
228.0
223.0
216.0
207.0
199.0
192.0
192.0
189.0
191.0
190.0
192.0
192.0
195.0
198.0
198.0
199.0
202.0
202.0
202.0
199.0
199.0
202.0
203.0
203.0
204.0
205.0
206.0
206.0
207.0
207.0
208.0
209.0
208.0
210.0
209.0
213.0
211.0
211.0
211.0
210.0
209.0
211.0
209.0
210.0
211.0
208.0
209.0
210.0
211.0
210.0
209.0
212.0
210.0
209.0
215.0
220.0
226.0
221.0
229.0
223.0
213.0
208.0
201.0
197.0
198.0
199.0
201.0
205.0
218.0
247.0
333.0
381.0
228.0
167.0
142.0
165.0
173.0
178.0
182.0
186.0
189.0
194.0
199.0
202.0
205.0
206.0
209.0
211.0
215.0
222.0
228.0
233.0
235.0
236.0
231.0
227.0
216.0
208.0
200.0
192.0
192.0
188.0
190.0
190.0
194.0
197.0
202.0
202.0
201.0
204.0
203.0
207.0
211.0
214.0
216.0
214.0
214.0
213.0
214.0
212.0
211.0
208.0
209.0
209.0
210.0
209.0
210.0
209.0
206.0
204.0
203.0
205.0
206.0
205.0
205.0
206.0
209.0
211.0
210.0
208.0
209.0
216.0
221.0
218.0
227.0
220.0
209.0
206.0
203.0
197.0
200.0
203.0
203.0
208.0
224.0
248.0
334.0
386.0
232.0
178.0
148.0
173.0
177.0
180.0
184.0
186.0
193.0
195.0
197.0
200.0
204.0
204.0
209.0
214.0
219.0
224.0
228.0
233.0
233.0
234.0
233.0
228.0
218.0
208.0
201.0
190.0
184.0
187.0
186.0
187.0
189.0
189.0
192.0
192.0
198.0
198.0
201.0
201.0
200.0
202.0
206.0
209.0
208.0
209.0
209.0
209.0
208.0
207.0
206.0
207.0
207.0
209.0
208.0
210.0
210.0
210.0
211.0
211.0
204.0
207.0
211.0
212.0
213.0
210.0
209.0
211.0
210.0
211.0
210.0
208.0
210.0
211.0
209.0
213.0
215.0
219.0
223.0
222.0
228.0
222.0
213.0
210.0
202.0
199.0
198.0
200.0
203.0
208.0
219.0
243.0
327.0
390.0
234.0
168.0
139.0
165.0
173.0
178.0
184.0
186.0
191.0
195.0
200.0
202.0
203.0
207.0
209.0
214.0
219.0
223.0
228.0
235.0
237.0
238.0
235.0
232.0
222.0
214.0
203.0
197.0
191.0
193.0
191.0
192.0
195.0
197.0
199.0
203.0
202.0
204.0
206.0
209.0
210.0
209.0
208.0
211.0
209.0
210.0
210.0
211.0
210.0
211.0
211.0
212.0
216.0
214.0
213.0
214.0
211.0
207.0
211.0
211.0
212.0
215.0
213.0
214.0
216.0
220.0
219.0
226.0
227.0
228.0
216.0
212.0
204.0
201.0
202.0
201.0
206.0
207.0
221.0
224.0
283.0
389.0
289.0
205.0
154.0
160.0
172.0
177.0
183.0
187.0
193.0
197.0
202.0
207.0
206.0
202.0
206.0
208.0
212.0
218.0
223.0
225.0
230.0
232.0
225.0
221.0
216.0
209.0
202.0
197.0
189.0
189.0
189.0
190.0
188.0
189.0
191.0
196.0
202.0
202.0
203.0
206.0
211.0
212.0
211.0
212.0
213.0
214.0
211.0
211.0
210.0
208.0
209.0
210.0
209.0
211.0
211.0
211.0
209.0
208.0
210.0
210.0
209.0
208.0
211.0
210.0
211.0
213.0
215.0
212.0
210.0
209.0
209.0
213.0
220.0
217.0
223.0
214.0
211.0
200.0
199.0
198.0
199.0
200.0
201.0
215.0
216.0
274.0
382.0
319.0
208.0
153.0
162.0
174.0
177.0
180.0
185.0
187.0
192.0
196.0
200.0
202.0
204.0
209.0
212.0
215.0
220.0
226.0
234.0
236.0
237.0
233.0
231.0
222.0
213.0
205.0
197.0
188.0
184.0
184.0
185.0
186.0
189.0
190.0
193.0
196.0
200.0
201.0
205.0
202.0
203.0
205.0
205.0
210.0
210.0
209.0
207.0
206.0
204.0
204.0
206.0
206.0
209.0
210.0
208.0
213.0
210.0
207.0
209.0
208.0
210.0
210.0
212.0
212.0
211.0
210.0
213.0
213.0
214.0
219.0
227.0
222.0
229.0
218.0
213.0
207.0
206.0
202.0
202.0
203.0
205.0
215.0
220.0
274.0
374.0
323.0
215.0
163.0
153.0
172.0
177.0
180.0
184.0
191.0
198.0
200.0
202.0
204.0
208.0
210.0
214.0
219.0
224.0
229.0
233.0
235.0
238.0
231.0
230.0
220.0
211.0
203.0
194.0
188.0
187.0
186.0
187.0
190.0
194.0
194.0
196.0
195.0
195.0
199.0
202.0
204.0
207.0
205.0
207.0
204.0
207.0
205.0
203.0
205.0
208.0
208.0
204.0
205.0
205.0
207.0
208.0
206.0
206.0
207.0
210.0
211.0
210.0
213.0
211.0
212.0
215.0
215.0
214.0
220.0
225.0
218.0
229.0
224.0
210.0
208.0
201.0
198.0
198.0
200.0
201.0
207.0
221.0
244.0
326.0
388.0
232.0
176.0
144.0
169.0
177.0
181.0
184.0
189.0
190.0
197.0
201.0
204.0
204.0
208.0
210.0
214.0
218.0
221.0
228.0
236.0
240.0
240.0
235.0
233.0
222.0
215.0
206.0
199.0
195.0
192.0
189.0
189.0
193.0
194.0
197.0
200.0
203.0
202.0
202.0
203.0
203.0
205.0
207.0
207.0
204.0
203.0
204.0
205.0
204.0
205.0
202.0
205.0
204.0
205.0
202.0
203.0
203.0
207.0
205.0
209.0
207.0
209.0
209.0
210.0
212.0
211.0
211.0
211.0
219.0
226.0
232.0
236.0
242.0
241.0
227.0
218.0
210.0
204.0
204.0
208.0
207.0
211.0
227.0
241.0
321.0
400.0
236.0
182.0
144.0
170.0
177.0
181.0
184.0
187.0
190.0
194.0
201.0
205.0
209.0
212.0
215.0
221.0
225.0
229.0
233.0
239.0
237.0
238.0
232.0
229.0
220.0
213.0
204.0
201.0
196.0
198.0
201.0
202.0
203.0
208.0
213.0
219.0
224.0
225.0
223.0
222.0
224.0
222.0
220.0
221.0
217.0
214.0
213.0
212.0
210.0
207.0
206.0
207.0
206.0
204.0
206.0
201.0
201.0
205.0
213.0
219.0
214.0
219.0
215.0
206.0
200.0
195.0
193.0
193.0
195.0
196.0
198.0
218.0
231.0
301.0
391.0
232.0
176.0
129.0
157.0
166.0
170.0
174.0
178.0
181.0
185.0
190.0
195.0
197.0
198.0
199.0
206.0
209.0
216.0
222.0
229.0
230.0
232.0
229.0
224.0
218.0
207.0
196.0
189.0
184.0
184.0
185.0
186.0
188.0
192.0
192.0
194.0
198.0
201.0
201.0
199.0
200.0
202.0
202.0
204.0
205.0
205.0
205.0
204.0
202.0
198.0
201.0
202.0
203.0
203.0
201.0
204.0
207.0
209.0
207.0
206.0
205.0
210.0
216.0
223.0
212.0
223.0
213.0
208.0
203.0
201.0
197.0
199.0
202.0
204.0
209.0
224.0
260.0
353.0
364.0
220.0
168.0
156.0
175.0
180.0
182.0
188.0
190.0
195.0
198.0
200.0
204.0
206.0
208.0
208.0
211.0
217.0
225.0
231.0
235.0
237.0
234.0
230.0
224.0
218.0
206.0
201.0
194.0
191.0
188.0
190.0
192.0
196.0
199.0
205.0
206.0
209.0
211.0
212.0
214.0
216.0
218.0
217.0
218.0
218.0
215.0
216.0
212.0
215.0
215.0
216.0
213.0
210.0
211.0
212.0
211.0
211.0
211.0
213.0
218.0
227.0
231.0
233.0
232.0
222.0
222.0
214.0
209.0
210.0
208.0
210.0
211.0
225.0
228.0
291.0
395.0
277.0
198.0
147.0
155.0
168.0
172.0
177.0
181.0
183.0
188.0
192.0
194.0
200.0
201.0
205.0
204.0
208.0
214.0
220.0
223.0
229.0
231.0
229.0
226.0
219.0
209.0
202.0
192.0
184.0
183.0
185.0
186.0
189.0
191.0
192.0
193.0
195.0
195.0
198.0
200.0
199.0
199.0
202.0
204.0
204.0
203.0
200.0
200.0
196.0
194.0
198.0
202.0
198.0
203.0
202.0
201.0
204.0
204.0
204.0
205.0
204.0
204.0
206.0
205.0
209.0
217.0
219.0
218.0
220.0
211.0
210.0
201.0
197.0
196.0
200.0
203.0
204.0
222.0
223.0
286.0
388.0
278.0
193.0
147.0
165.0
177.0
178.0
183.0
189.0
193.0
196.0
201.0
201.0
205.0
208.0
202.0
209.0
215.0
219.0
228.0
234.0
236.0
239.0
237.0
231.0
225.0
214.0
205.0
195.0
190.0
186.0
187.0
189.0
191.0
192.0
193.0
193.0
196.0
197.0
199.0
199.0
201.0
203.0
206.0
206.0
207.0
207.0
206.0
205.0
206.0
207.0
208.0
208.0
208.0
209.0
210.0
212.0
214.0
213.0
216.0
214.0
211.0
211.0
216.0
224.0
232.0
227.0
234.0
223.0
218.0
206.0
208.0
205.0
206.0
206.0
209.0
218.0
227.0
272.0
366.0
333.0
216.0
166.0
158.0
176.0
181.0
186.0
187.0
194.0
196.0
202.0
206.0
210.0
214.0
221.0
221.0
223.0
229.0
237.0
241.0
242.0
244.0
242.0
238.0
232.0
221.0
214.0
201.0
193.0
186.0
188.0
190.0
191.0
193.0
196.0
197.0
201.0
203.0
205.0
207.0
208.0
205.0
209.0
208.0
206.0
206.0
204.0
200.0
201.0
201.0
200.0
198.0
199.0
199.0
200.0
201.0
203.0
198.0
201.0
200.0
201.0
210.0
216.0
209.0
220.0
210.0
204.0
197.0
196.0
192.0
195.0
198.0
200.0
205.0
218.0
242.0
328.0
376.0
223.0
168.0
143.0
168.0
174.0
178.0
184.0
186.0
191.0
196.0
199.0
201.0
202.0
204.0
209.0
212.0
219.0
226.0
233.0
240.0
242.0
242.0
239.0
232.0
223.0
215.0
204.0
192.0
190.0
189.0
191.0
192.0
194.0
197.0
198.0
198.0
193.0
190.0
192.0
189.0
189.0
194.0
197.0
199.0
200.0
200.0
203.0
203.0
201.0
203.0
198.0
201.0
205.0
205.0
206.0
207.0
209.0
210.0
212.0
211.0
210.0
210.0
216.0
215.0
217.0
217.0
213.0
214.0
214.0
209.0
209.0
208.0
210.0
211.0
213.0
217.0
225.0
217.0
228.0
220.0
210.0
204.0
200.0
194.0
199.0
202.0
206.0
214.0
222.0
255.0
348.0
357.0
224.0
169.0
158.0
176.0
183.0
185.0
189.0
190.0
196.0
196.0
202.0
204.0
207.0
211.0
215.0
221.0
222.0
228.0
236.0
237.0
230.0
235.0
234.0
229.0
219.0
213.0
203.0
194.0
193.0
194.0
194.0
194.0
196.0
199.0
206.0
211.0
214.0
215.0
218.0
220.0
219.0
219.0
219.0
218.0
214.0
212.0
211.0
207.0
205.0
204.0
202.0
204.0
201.0
200.0
201.0
203.0
203.0
203.0
201.0
202.0
209.0
216.0
224.0
216.0
225.0
217.0
212.0
203.0
201.0
201.0
201.0
202.0
204.0
209.0
214.0
257.0
354.0
347.0
218.0
165.0
152.0
169.0
172.0
177.0
184.0
190.0
194.0
197.0
201.0
204.0
205.0
210.0
212.0
214.0
219.0
223.0
230.0
234.0
234.0
235.0
225.0
219.0
213.0
205.0
195.0
185.0
185.0
187.0
188.0
191.0
191.0
190.0
195.0
197.0
197.0
200.0
200.0
201.0
202.0
203.0
205.0
207.0
209.0
210.0
208.0
208.0
208.0
208.0
212.0
213.0
212.0
213.0
213.0
213.0
210.0
213.0
210.0
209.0
211.0
212.0
211.0
212.0
210.0
209.0
210.0
210.0
216.0
222.0
220.0
226.0
222.0
210.0
206.0
201.0
196.0
200.0
203.0
206.0
209.0
225.0
240.0
316.0
398.0
236.0
179.0
145.0
171.0
179.0
182.0
187.0
191.0
192.0
198.0
202.0
202.0
205.0
209.0
209.0
214.0
219.0
224.0
231.0
234.0
238.0
241.0
236.0
231.0
220.0
210.0
203.0
193.0
189.0
186.0
185.0
188.0
191.0
193.0
195.0
196.0
201.0
203.0
204.0
206.0
208.0
209.0
209.0
207.0
207.0
206.0
210.0
207.0
209.0
208.0
207.0
207.0
207.0
207.0
208.0
207.0
206.0
208.0
207.0
205.0
208.0
211.0
212.0
216.0
220.0
227.0
221.0
228.0
221.0
211.0
205.0
201.0
198.0
200.0
199.0
203.0
206.0
218.0
239.0
318.0
385.0
226.0
173.0
139.0
162.0
168.0
174.0
178.0
180.0
183.0
190.0
194.0
200.0
204.0
201.0
206.0
209.0
214.0
216.0
224.0
227.0
230.0
228.0
232.0
226.0
218.0
211.0
205.0
198.0
195.0
192.0
195.0
194.0
196.0
196.0
201.0
201.0
207.0
211.0
211.0
210.0
212.0
213.0
211.0
211.0
210.0
206.0
207.0
206.0
208.0
206.0
206.0
204.0
207.0
206.0
204.0
203.0
207.0
206.0
207.0
211.0
211.0
211.0
211.0
212.0
219.0
226.0
223.0
229.0
223.0
215.0
209.0
200.0
197.0
199.0
202.0
205.0
206.0
218.0
241.0
326.0
384.0
229.0
175.0
142.0
169.0
174.0
179.0
184.0
188.0
191.0
198.0
196.0
203.0
204.0
206.0
212.0
216.0
217.0
224.0
231.0
236.0
239.0
239.0
234.0
227.0
219.0
211.0
202.0
197.0
191.0
188.0
190.0
189.0
189.0
195.0
196.0
197.0
200.0
200.0
205.0
205.0
206.0
209.0
212.0
213.0
210.0
209.0
208.0
206.0
207.0
207.0
207.0
209.0
206.0
206.0
206.0
208.0
208.0
210.0
210.0
212.0
211.0
211.0
210.0
212.0
211.0
211.0
209.0
209.0
208.0
210.0
209.0
210.0
212.0
212.0
210.0
211.0
214.0
211.0
208.0
208.0
210.0
208.0
209.0
206.0
209.0
208.0
210.0
216.0
218.0
219.0
226.0
226.0
214.0
209.0
205.0
200.0
201.0
203.0
202.0
207.0
218.0
235.0
314.0
390.0
231.0
170.0
130.0
157.0
168.0
174.0
178.0
185.0
192.0
195.0
198.0
204.0
205.0
209.0
212.0
212.0
214.0
219.0
228.0
232.0
234.0
234.0
232.0
229.0
219.0
213.0
205.0
197.0
192.0
188.0
187.0
189.0
194.0
198.0
204.0
205.0
207.0
210.0
209.0
205.0
208.0
209.0
210.0
207.0
209.0
207.0
203.0
207.0
211.0
208.0
206.0
205.0
203.0
201.0
203.0
202.0
202.0
204.0
206.0
209.0
208.0
209.0
209.0
210.0
208.0
209.0
211.0
211.0
252.0
261.0
267.0
269.0
268.0
267.0
255.0
248.0
233.0
227.0
220.0
219.0
218.0
221.0
231.0
231.0
297.0
402.0
277.0
204.0
157.0
166.0
176.0
178.0
181.0
184.0
186.0
190.0
190.0
194.0
196.0
199.0
204.0
205.0
211.0
216.0
222.0
231.0
236.0
236.0
233.0
227.0
223.0
214.0
203.0
196.0
188.0
183.0
184.0
188.0
186.0
191.0
194.0
196.0
198.0
198.0
201.0
201.0
204.0
206.0
207.0
206.0
206.0
205.0
206.0
204.0
205.0
202.0
204.0
204.0
202.0
204.0
203.0
206.0
208.0
208.0
212.0
210.0
208.0
206.0
208.0
209.0
209.0
208.0
207.0
206.0
204.0
200.0
201.0
205.0
205.0
204.0
208.0
210.0
217.0
225.0
218.0
224.0
213.0
206.0
197.0
195.0
193.0
194.0
195.0
199.0
209.0
210.0
259.0
359.0
341.0
213.0
160.0
153.0
170.0
175.0
179.0
183.0
185.0
189.0
193.0
194.0
200.0
203.0
205.0
207.0
212.0
218.0
222.0
229.0
235.0
230.0
228.0
227.0
221.0
215.0
208.0
198.0
193.0
190.0
188.0
187.0
191.0
191.0
196.0
197.0
198.0
203.0
203.0
206.0
206.0
207.0
207.0
207.0
209.0
206.0
204.0
203.0
204.0
205.0
205.0
207.0
201.0
204.0
205.0
206.0
207.0
209.0
209.0
209.0
208.0
210.0
212.0
215.0
209.0
213.0
210.0
212.0
211.0
214.0
210.0
213.0
212.0
213.0
213.0
212.0
214.0
220.0
219.0
225.0
217.0
213.0
202.0
201.0
198.0
204.0
205.0
204.0
218.0
221.0
282.0
389.0
303.0
208.0
158.0
159.0
174.0
175.0
178.0
183.0
187.0
191.0
196.0
199.0
204.0
207.0
210.0
214.0
212.0
216.0
221.0
227.0
229.0
231.0
227.0
225.0
220.0
216.0
208.0
199.0
194.0
192.0
191.0
192.0
194.0
196.0
198.0
201.0
204.0
205.0
207.0
207.0
209.0
210.0
210.0
209.0
207.0
206.0
207.0
207.0
208.0
205.0
204.0
207.0
206.0
206.0
208.0
209.0
203.0
209.0
208.0
209.0
209.0
210.0
205.0
210.0
210.0
209.0
210.0
210.0
214.0
213.0
218.0
221.0
220.0
225.0
223.0
213.0
211.0
205.0
200.0
201.0
205.0
205.0
204.0
223.0
238.0
314.0
402.0
243.0
187.0
147.0
171.0
176.0
180.0
186.0
189.0
194.0
198.0
197.0
197.0
202.0
208.0
210.0
211.0
215.0
221.0
229.0
233.0
236.0
237.0
234.0
227.0
218.0
212.0
201.0
193.0
186.0
186.0
186.0
185.0
186.0
189.0
192.0
196.0
198.0
200.0
202.0
204.0
202.0
205.0
204.0
205.0
205.0
204.0
204.0
206.0
205.0
206.0
209.0
209.0
208.0
208.0
208.0
208.0
209.0
208.0
208.0
205.0
199.0
206.0
206.0
211.0
212.0
213.0
212.0
213.0
212.0
212.0
212.0
210.0
209.0
210.0
206.0
205.0
202.0
187.0
199.0
202.0
205.0
208.0
211.0
213.0
217.0
212.0
216.0
208.0
196.0
193.0
185.0
183.0
169.0
168.0
176.0
187.0
195.0
220.0
310.0
364.0
213.0
157.0
132.0
160.0
171.0
180.0
186.0
186.0
195.0
199.0
196.0
187.0
181.0
180.0
186.0
194.0
197.0
206.0
215.0
229.0
237.0
239.0
240.0
241.0
242.0
228.0
217.0
207.0
204.0
201.0
202.0
203.0
205.0
208.0
204.0
209.0
213.0
218.0
216.0
209.0
215.0
214.0
208.0
208.0
206.0
195.0
195.0
194.0
196.0
198.0
198.0
201.0
201.0
205.0
208.0
210.0
213.0
213.0
215.0
215.0
217.0
219.0
217.0
218.0
216.0
216.0
215.0
215.0
213.0
212.0
211.0
217.0
220.0
225.0
223.0
225.0
214.0
211.0
205.0
201.0
199.0
200.0
203.0
205.0
218.0
220.0
276.0
384.0
290.0
206.0
155.0
156.0
175.0
179.0
185.0
192.0
199.0
200.0
204.0
207.0
212.0
211.0
213.0
220.0
221.0
224.0
231.0
237.0
242.0
243.0
243.0
237.0
232.0
220.0
206.0
191.0
179.0
151.0
147.0
136.0
126.0
129.0
124.0
143.0
152.0
162.0
176.0
189.0
196.0
206.0
214.0
219.0
221.0
225.0
230.0
231.0
233.0
235.0
236.0
235.0
233.0
231.0
230.0
232.0
231.0
232.0
230.0
230.0
230.0
229.0
227.0
225.0
224.0
223.0
225.0
220.0
222.0
225.0
224.0
225.0
224.0
227.0
231.0
233.0
232.0
233.0
221.0
216.0
207.0
203.0
205.0
205.0
207.0
210.0
223.0
228.0
302.0
404.0
262.0
195.0
155.0
172.0
181.0
180.0
185.0
185.0
189.0
187.0
187.0
188.0
194.0
200.0
202.0
210.0
218.0
226.0
233.0
240.0
245.0
245.0
242.0
241.0
235.0
225.0
213.0
204.0
199.0
194.0
188.0
187.0
192.0
190.0
193.0
194.0
192.0
186.0
188.0
185.0
187.0
191.0
197.0
200.0
205.0
205.0
207.0
206.0
208.0
210.0
211.0
210.0
212.0
212.0
214.0
214.0
216.0
215.0
211.0
208.0
209.0
212.0
214.0
215.0
218.0
216.0
216.0
216.0
213.0
211.0
211.0
207.0
207.0
212.0
222.0
211.0
220.0
216.0
205.0
193.0
194.0
196.0
198.0
202.0
206.0
209.0
215.0
248.0
338.0
362.0
224.0
171.0
150.0
171.0
179.0
187.0
192.0
200.0
206.0
208.0
211.0
221.0
221.0
225.0
224.0
221.0
224.0
232.0
234.0
239.0
242.0
237.0
234.0
232.0
220.0
205.0
193.0
190.0
182.0
184.0
184.0
189.0
190.0
192.0
196.0
196.0
199.0
203.0
205.0
207.0
205.0
204.0
206.0
207.0
205.0
206.0
201.0
199.0
198.0
199.0
198.0
195.0
196.0
197.0
198.0
199.0
201.0
203.0
206.0
208.0
208.0
209.0
210.0
213.0
212.0
215.0
213.0
214.0
214.0
214.0
216.0
217.0
218.0
224.0
224.0
231.0
230.0
220.0
214.0
203.0
200.0
201.0
203.0
204.0
204.0
223.0
234.0
314.0
399.0
232.0
175.0
141.0
167.0
175.0
177.0
182.0
183.0
184.0
190.0
194.0
197.0
198.0
202.0
206.0
207.0
212.0
219.0
225.0
232.0
234.0
229.0
228.0
225.0
214.0
205.0
201.0
194.0
188.0
187.0
189.0
192.0
195.0
197.0
201.0
201.0
204.0
204.0
208.0
208.0
211.0
212.0
211.0
212.0
214.0
213.0
212.0
214.0
211.0
213.0
211.0
212.0
210.0
212.0
212.0
210.0
212.0
210.0
211.0
211.0
210.0
211.0
212.0
212.0
212.0
209.0
209.0
209.0
208.0
209.0
213.0
220.0
216.0
226.0
221.0
210.0
206.0
203.0
200.0
200.0
205.0
205.0
210.0
225.0
246.0
332.0
394.0
231.0
174.0
145.0
170.0
176.0
182.0
187.0
190.0
197.0
200.0
204.0
206.0
210.0
213.0
215.0
218.0
225.0
233.0
236.0
242.0
242.0
239.0
234.0
229.0
220.0
207.0
190.0
180.0
170.0
171.0
172.0
179.0
181.0
184.0
187.0
189.0
189.0
191.0
188.0
183.0
188.0
185.0
184.0
189.0
190.0
186.0
185.0
179.0
180.0
185.0
189.0
194.0
198.0
196.0
205.0
203.0
208.0
210.0
213.0
216.0
214.0
215.0
223.0
231.0
227.0
230.0
227.0
216.0
211.0
205.0
204.0
205.0
204.0
204.0
210.0
229.0
244.0
320.0
410.0
243.0
186.0
146.0
172.0
182.0
186.0
191.0
193.0
198.0
201.0
204.0
209.0
215.0
213.0
216.0
219.0
221.0
222.0
228.0
228.0
238.0
236.0
234.0
230.0
217.0
208.0
191.0
180.0
177.0
178.0
181.0
187.0
194.0
198.0
202.0
204.0
206.0
209.0
213.0
213.0
216.0
218.0
216.0
217.0
216.0
215.0
212.0
211.0
212.0
215.0
215.0
215.0
216.0
223.0
227.0
227.0
230.0
225.0
219.0
209.0
199.0
199.0
198.0
201.0
202.0
204.0
213.0
219.0
267.0
359.0
330.0
216.0
165.0
157.0
176.0
177.0
183.0
186.0
191.0
193.0
198.0
202.0
206.0
208.0
211.0
214.0
216.0
220.0
226.0
230.0
230.0
233.0
232.0
228.0
222.0
213.0
207.0
200.0
194.0
189.0
190.0
190.0
190.0
195.0
194.0
197.0
198.0
198.0
202.0
203.0
205.0
202.0
203.0
204.0
204.0
205.0
206.0
207.0
210.0
211.0
212.0
209.0
212.0
210.0
210.0
211.0
219.0
226.0
230.0
224.0
230.0
222.0
219.0
212.0
200.0
196.0
193.0
191.0
192.0
194.0
210.0
211.0
275.0
370.0
273.0
184.0
139.0
151.0
167.0
170.0
179.0
184.0
192.0
193.0
200.0
201.0
203.0
208.0
210.0
211.0
214.0
219.0
229.0
231.0
237.0
238.0
236.0
234.0
224.0
215.0
206.0
200.0
196.0
191.0
190.0
191.0
193.0
195.0
195.0
201.0
201.0
205.0
207.0
207.0
208.0
209.0
210.0
207.0
212.0
209.0
209.0
206.0
207.0
207.0
207.0
207.0
210.0
210.0
208.0
212.0
211.0
210.0
212.0
217.0
226.0
231.0
231.0
234.0
232.0
227.0
218.0
209.0
207.0
206.0
208.0
208.0
212.0
220.0
225.0
276.0
373.0
327.0
220.0
168.0
161.0
177.0
182.0
183.0
188.0
192.0
195.0
200.0
205.0
207.0
211.0
210.0
217.0
219.0
223.0
228.0
232.0
235.0
238.0
237.0
230.0
220.0
212.0
205.0
196.0
191.0
186.0
184.0
187.0
188.0
189.0
192.0
193.0
198.0
199.0
203.0
204.0
205.0
207.0
207.0
208.0
205.0
205.0
203.0
205.0
202.0
203.0
204.0
206.0
204.0
205.0
206.0
205.0
205.0
203.0
205.0
204.0
205.0
207.0
206.0
206.0
205.0
205.0
207.0
205.0
206.0
209.0
211.0
212.0
216.0
222.0
218.0
224.0
218.0
211.0
202.0
200.0
196.0
200.0
201.0
204.0
210.0
217.0
259.0
352.0
350.0
217.0
164.0
150.0
173.0
177.0
181.0
184.0
188.0
191.0
188.0
194.0
199.0
202.0
204.0
207.0
213.0
214.0
224.0
233.0
236.0
238.0
241.0
236.0
230.0
222.0
214.0
205.0
197.0
190.0
189.0
186.0
189.0
191.0
195.0
196.0
198.0
198.0
202.0
203.0
201.0
204.0
205.0
206.0
207.0
205.0
204.0
206.0
203.0
203.0
203.0
203.0
205.0
205.0
205.0
203.0
208.0
207.0
208.0
211.0
212.0
214.0
213.0
214.0
215.0
212.0
212.0
212.0
213.0
211.0
212.0
210.0
209.0
211.0
211.0
211.0
212.0
212.0
213.0
212.0
214.0
215.0
217.0
216.0
222.0
227.0
232.0
219.0
218.0
206.0
204.0
205.0
207.0
206.0
208.0
222.0
225.0
296.0
402.0
260.0
194.0
143.0
161.0
171.0
178.0
181.0
187.0
189.0
193.0
199.0
204.0
204.0
207.0
210.0
213.0
213.0
218.0
224.0
224.0
230.0
232.0
231.0
230.0
223.0
218.0
208.0
200.0
195.0
192.0
187.0
194.0
197.0
202.0
201.0
206.0
208.0
209.0
211.0
214.0
216.0
214.0
216.0
215.0
216.0
218.0
218.0
215.0
213.0
212.0
211.0
210.0
206.0
206.0
206.0
207.0
205.0
207.0
210.0
209.0
209.0
208.0
209.0
209.0
206.0
209.0
208.0
206.0
209.0
206.0
205.0
204.0
206.0
207.0
208.0
215.0
219.0
225.0
219.0
207.0
204.0
197.0
193.0
194.0
194.0
196.0
203.0
216.0
233.0
315.0
395.0
230.0
177.0
138.0
165.0
171.0
176.0
178.0
184.0
187.0
191.0
195.0
200.0
201.0
205.0
205.0
206.0
213.0
218.0
220.0
227.0
228.0
229.0
229.0
225.0
215.0
207.0
200.0
194.0
186.0
184.0
181.0
183.0
186.0
190.0
191.0
190.0
194.0
195.0
197.0
199.0
198.0
201.0
200.0
200.0
199.0
198.0
201.0
203.0
202.0
202.0
201.0
202.0
206.0
204.0
204.0
206.0
206.0
205.0
205.0
207.0
207.0
207.0
204.0
206.0
206.0
205.0
205.0
207.0
209.0
207.0
208.0
208.0
207.0
203.0
205.0
206.0
207.0
209.0
212.0
214.0
219.0
218.0
226.0
220.0
211.0
206.0
202.0
198.0
199.0
198.0
200.0
205.0
215.0
239.0
327.0
387.0
227.0
169.0
141.0
168.0
173.0
176.0
184.0
185.0
193.0
194.0
198.0
200.0
199.0
207.0
207.0
211.0
219.0
225.0
229.0
232.0
234.0
235.0
234.0
232.0
224.0
213.0
205.0
201.0
192.0
188.0
187.0
190.0
194.0
196.0
200.0
201.0
204.0
205.0
206.0
207.0
208.0
206.0
210.0
208.0
212.0
210.0
210.0
207.0
208.0
208.0
207.0
206.0
208.0
206.0
205.0
209.0
209.0
208.0
209.0
209.0
212.0
214.0
213.0
212.0
216.0
215.0
214.0
217.0
219.0
224.0
232.0
227.0
234.0
223.0
215.0
208.0
203.0
200.0
204.0
205.0
208.0
213.0
216.0
264.0
362.0
340.0
220.0
163.0
150.0
169.0
174.0
176.0
181.0
183.0
189.0
192.0
197.0
199.0
201.0
205.0
209.0
212.0
216.0
221.0
227.0
231.0
235.0
233.0
230.0
225.0
214.0
209.0
200.0
192.0
188.0
183.0
184.0
186.0
189.0
190.0
192.0
194.0
197.0
198.0
198.0
201.0
203.0
205.0
205.0
205.0
207.0
207.0
204.0
205.0
204.0
204.0
204.0
205.0
207.0
204.0
205.0
207.0
206.0
204.0
203.0
203.0
206.0
208.0
208.0
209.0
212.0
211.0
211.0
208.0
207.0
206.0
209.0
213.0
218.0
224.0
220.0
229.0
223.0
211.0
208.0
204.0
199.0
200.0
204.0
204.0
211.0
222.0
248.0
338.0
386.0
229.0
172.0
146.0
170.0
176.0
180.0
181.0
184.0
188.0
192.0
196.0
200.0
201.0
204.0
206.0
210.0
214.0
220.0
227.0
235.0
237.0
239.0
238.0
232.0
223.0
215.0
205.0
198.0
190.0
189.0
188.0
190.0
192.0
192.0
193.0
195.0
197.0
199.0
201.0
200.0
201.0
204.0
205.0
204.0
207.0
206.0
208.0
208.0
208.0
208.0
208.0
208.0
206.0
210.0
210.0
212.0
213.0
211.0
212.0
212.0
212.0
214.0
213.0
213.0
213.0
211.0
211.0
210.0
213.0
211.0
212.0
212.0
212.0
212.0
215.0
218.0
225.0
222.0
231.0
221.0
215.0
207.0
206.0
204.0
206.0
207.0
209.0
219.0
222.0
271.0
369.0
342.0
220.0
170.0
157.0
178.0
183.0
189.0
192.0
197.0
199.0
204.0
209.0
210.0
213.0
214.0
216.0
216.0
222.0
230.0
231.0
235.0
239.0
237.0
236.0
232.0
224.0
213.0
209.0
200.0
193.0
192.0
193.0
193.0
192.0
195.0
200.0
202.0
205.0
208.0
209.0
207.0
211.0
212.0
213.0
211.0
212.0
210.0
208.0
207.0
206.0
205.0
206.0
206.0
206.0
206.0
206.0
211.0
213.0
212.0
213.0
213.0
213.0
213.0
213.0
213.0
214.0
209.0
220.0
220.0
227.0
225.0
214.0
212.0
207.0
201.0
203.0
204.0
205.0
206.0
221.0
235.0
317.0
402.0
239.0
184.0
143.0
168.0
176.0
176.0
180.0
183.0
190.0
193.0
195.0
198.0
202.0
204.0
209.0
211.0
213.0
218.0
226.0
232.0
233.0
235.0
232.0
227.0
222.0
213.0
205.0
198.0
191.0
187.0
190.0
189.0
192.0
195.0
198.0
200.0
201.0
202.0
204.0
207.0
207.0
210.0
209.0
211.0
210.0
209.0
209.0
210.0
210.0
210.0
211.0
211.0
211.0
211.0
212.0
213.0
213.0
213.0
212.0
213.0
213.0
212.0
214.0
213.0
215.0
214.0
214.0
211.0
212.0
210.0
207.0
207.0
209.0
208.0
208.0
208.0
210.0
218.0
224.0
221.0
224.0
214.0
211.0
202.0
200.0
202.0
204.0
205.0
206.0
221.0
222.0
293.0
401.0
277.0
195.0
147.0
161.0
173.0
178.0
182.0
184.0
189.0
193.0
197.0
199.0
201.0
202.0
206.0
211.0
218.0
220.0
225.0
230.0
232.0
230.0
232.0
230.0
224.0
216.0
207.0
200.0
193.0
190.0
190.0
188.0
193.0
192.0
196.0
199.0
203.0
203.0
205.0
205.0
206.0
207.0
207.0
207.0
208.0
206.0
205.0
206.0
208.0
206.0
210.0
208.0
211.0
212.0
212.0
212.0
212.0
210.0
211.0
212.0
211.0
211.0
213.0
211.0
213.0
212.0
212.0
212.0
215.0
214.0
219.0
223.0
223.0
232.0
228.0
217.0
208.0
203.0
199.0
201.0
204.0
204.0
209.0
221.0
243.0
328.0
392.0
230.0
176.0
144.0
169.0
175.0
180.0
183.0
191.0
195.0
199.0
202.0
205.0
208.0
212.0
213.0
214.0
221.0
221.0
224.0
230.0
234.0
233.0
233.0
227.0
220.0
212.0
205.0
195.0
191.0
187.0
186.0
187.0
192.0
193.0
196.0
197.0
198.0
203.0
202.0
203.0
204.0
205.0
204.0
205.0
206.0
204.0
206.0
204.0
205.0
206.0
207.0
207.0
209.0
210.0
210.0
210.0
211.0
211.0
211.0
209.0
211.0
213.0
212.0
212.0
213.0
212.0
212.0
210.0
210.0
209.0
210.0
209.0
216.0
221.0
218.0
225.0
218.0
211.0
204.0
199.0
197.0
201.0
201.0
205.0
212.0
217.0
256.0
353.0
362.0
220.0
164.0
150.0
171.0
175.0
180.0
183.0
186.0
191.0
197.0
199.0
202.0
205.0
207.0
209.0
216.0
218.0
226.0
234.0
238.0
238.0
236.0
232.0
227.0
218.0
210.0
199.0
195.0
188.0
187.0
186.0
187.0
188.0
192.0
191.0
195.0
197.0
201.0
200.0
207.0
203.0
207.0
208.0
208.0
208.0
209.0
209.0
206.0
207.0
205.0
206.0
206.0
205.0
210.0
208.0
208.0
208.0
210.0
209.0
208.0
208.0
209.0
208.0
210.0
210.0
212.0
213.0
213.0
209.0
210.0
212.0
213.0
218.0
225.0
225.0
227.0
219.0
216.0
206.0
203.0
204.0
205.0
206.0
210.0
221.0
228.0
294.0
404.0
281.0
205.0
159.0
168.0
180.0
183.0
188.0
192.0
193.0
198.0
200.0
203.0
204.0
210.0
212.0
214.0
217.0
223.0
229.0
234.0
236.0
237.0
235.0
230.0
222.0
217.0
208.0
198.0
190.0
187.0
186.0
185.0
190.0
190.0
194.0
198.0
198.0
201.0
203.0
205.0
206.0
205.0
208.0
207.0
208.0
208.0
207.0
204.0
204.0
203.0
204.0
204.0
204.0
204.0
202.0
203.0
206.0
205.0
208.0
209.0
209.0
207.0
207.0
207.0
208.0
210.0
210.0
212.0
214.0
220.0
224.0
223.0
229.0
217.0
213.0
204.0
203.0
200.0
201.0
201.0
203.0
214.0
216.0
270.0
375.0
334.0
212.0
155.0
151.0
168.0
171.0
176.0
183.0
187.0
191.0
193.0
198.0
199.0
203.0
206.0
210.0
214.0
222.0
225.0
230.0
235.0
238.0
239.0
237.0
230.0
222.0
212.0
201.0
191.0
188.0
183.0
183.0
186.0
187.0
190.0
194.0
196.0
198.0
199.0
199.0
200.0
202.0
202.0
204.0
203.0
203.0
204.0
205.0
205.0
206.0
208.0
207.0
207.0
208.0
210.0
208.0
207.0
207.0
204.0
206.0
205.0
207.0
206.0
208.0
208.0
211.0
210.0
208.0
211.0
211.0
209.0
211.0
207.0
209.0
211.0
210.0
211.0
211.0
214.0
219.0
226.0
223.0
228.0
216.0
209.0
201.0
198.0
199.0
199.0
205.0
205.0
218.0
219.0
284.0
393.0
290.0
206.0
158.0
160.0
175.0
178.0
183.0
186.0
191.0
193.0
198.0
201.0
205.0
210.0
210.0
213.0
217.0
221.0
225.0
232.0
234.0
237.0
237.0
233.0
229.0
221.0
216.0
207.0
200.0
194.0
193.0
193.0
194.0
195.0
197.0
200.0
201.0
204.0
205.0
204.0
205.0
208.0
206.0
208.0
204.0
203.0
207.0
206.0
204.0
206.0
205.0
205.0
206.0
205.0
204.0
205.0
206.0
208.0
207.0
208.0
207.0
207.0
208.0
209.0
207.0
208.0
207.0
208.0
208.0
207.0
207.0
210.0
217.0
226.0
220.0
226.0
218.0
210.0
203.0
200.0
198.0
201.0
201.0
205.0
212.0
217.0
268.0
370.0
344.0
220.0
165.0
159.0
174.0
178.0
181.0
186.0
188.0
193.0
195.0
199.0
202.0
204.0
204.0
209.0
212.0
219.0
224.0
228.0
233.0
234.0
235.0
232.0
227.0
221.0
211.0
199.0
191.0
187.0
186.0
187.0
189.0
186.0
189.0
196.0
196.0
197.0
198.0
200.0
204.0
205.0
203.0
206.0
204.0
205.0
206.0
206.0
205.0
205.0
205.0
206.0
206.0
206.0
205.0
208.0
208.0
209.0
209.0
210.0
209.0
210.0
212.0
210.0
207.0
208.0
206.0
208.0
207.0
208.0
206.0
209.0
206.0
208.0
208.0
213.0
220.0
218.0
227.0
216.0
214.0
204.0
201.0
199.0
200.0
202.0
204.0
218.0
218.0
280.0
384.0
309.0
206.0
156.0
155.0
173.0
174.0
179.0
186.0
186.0
191.0
194.0
196.0
201.0
204.0
209.0
210.0
218.0
221.0
228.0
233.0
238.0
239.0
238.0
237.0
230.0
226.0
216.0
208.0
198.0
196.0
190.0
189.0
190.0
193.0
194.0
198.0
200.0
201.0
200.0
202.0
202.0
206.0
207.0
207.0
206.0
209.0
208.0
207.0
204.0
206.0
204.0
204.0
204.0
206.0
208.0
207.0
208.0
209.0
208.0
208.0
208.0
210.0
209.0
207.0
209.0
210.0
208.0
209.0
214.0
220.0
224.0
225.0
228.0
217.0
212.0
203.0
201.0
200.0
203.0
204.0
205.0
222.0
228.0
296.0
404.0
268.0
195.0
147.0
163.0
177.0
179.0
185.0
188.0
192.0
195.0
198.0
201.0
205.0
206.0
209.0
211.0
217.0
222.0
228.0
235.0
238.0
236.0
238.0
234.0
227.0
219.0
212.0
200.0
195.0
189.0
186.0
188.0
190.0
192.0
193.0
196.0
198.0
198.0
200.0
202.0
202.0
205.0
206.0
205.0
206.0
204.0
203.0
203.0
206.0
205.0
205.0
205.0
206.0
207.0
208.0
206.0
208.0
207.0
209.0
209.0
212.0
211.0
211.0
210.0
211.0
211.0
209.0
206.0
211.0
209.0
213.0
209.0
213.0
211.0
212.0
213.0
218.0
224.0
219.0
229.0
223.0
211.0
206.0
202.0
199.0
201.0
203.0
204.0
210.0
220.0
251.0
339.0
373.0
224.0
168.0
144.0
170.0
173.0
176.0
182.0
186.0
191.0
195.0
199.0
201.0
204.0
206.0
209.0
212.0
216.0
220.0
226.0
231.0
234.0
238.0
234.0
227.0
220.0
212.0
206.0
197.0
189.0
188.0
190.0
188.0
193.0
194.0
194.0
199.0
204.0
204.0
205.0
208.0
209.0
210.0
209.0
212.0
210.0
208.0
204.0
204.0
208.0
209.0
208.0
212.0
211.0
210.0
211.0
213.0
212.0
212.0
211.0
212.0
210.0
212.0
214.0
215.0
217.0
222.0
227.0
223.0
228.0
217.0
213.0
205.0
202.0
200.0
200.0
204.0
207.0
212.0
219.0
274.0
376.0
331.0
218.0
164.0
157.0
171.0
172.0
177.0
181.0
185.0
190.0
197.0
200.0
201.0
204.0
208.0
212.0
213.0
220.0
224.0
231.0
233.0
236.0
236.0
232.0
227.0
221.0
210.0
203.0
193.0
187.0
187.0
188.0
188.0
191.0
194.0
196.0
198.0
199.0
202.0
205.0
205.0
205.0
207.0
207.0
206.0
206.0
206.0
205.0
206.0
207.0
206.0
206.0
206.0
207.0
208.0
209.0
210.0
210.0
208.0
208.0
208.0
208.0
208.0
209.0
207.0
207.0
207.0
208.0
209.0
209.0
207.0
208.0
207.0
207.0
206.0
207.0
210.0
217.0
222.0
221.0
226.0
220.0
217.0
207.0
204.0
205.0
205.0
208.0
212.0
226.0
223.0
292.0
402.0
291.0
195.0
145.0
159.0
171.0
173.0
179.0
182.0
184.0
189.0
193.0
194.0
201.0
203.0
208.0
212.0
217.0
222.0
228.0
234.0
237.0
240.0
235.0
233.0
227.0
218.0
210.0
201.0
191.0
187.0
183.0
183.0
186.0
189.0
191.0
194.0
196.0
199.0
202.0
204.0
204.0
207.0
206.0
206.0
206.0
207.0
207.0
205.0
204.0
204.0
203.0
204.0
207.0
209.0
209.0
208.0
208.0
209.0
208.0
208.0
211.0
211.0
210.0
212.0
212.0
209.0
210.0
210.0
210.0
211.0
214.0
218.0
223.0
223.0
227.0
217.0
213.0
203.0
200.0
200.0
199.0
200.0
202.0
216.0
219.0
285.0
392.0
298.0
208.0
156.0
158.0
172.0
174.0
176.0
183.0
188.0
191.0
196.0
199.0
205.0
210.0
211.0
212.0
217.0
223.0
226.0
229.0
234.0
237.0
236.0
231.0
225.0
215.0
207.0
198.0
192.0
185.0
182.0
186.0
188.0
188.0
190.0
194.0
193.0
196.0
200.0
202.0
203.0
203.0
205.0
206.0
207.0
207.0
206.0
205.0
205.0
204.0
203.0
204.0
207.0
206.0
209.0
210.0
212.0
211.0
213.0
213.0
212.0
211.0
211.0
210.0
212.0
210.0
212.0
208.0
207.0
210.0
209.0
209.0
210.0
214.0
219.0
221.0
228.0
226.0
215.0
213.0
207.0
203.0
204.0
206.0
204.0
206.0
224.0
232.0
311.0
409.0
250.0
184.0
139.0
161.0
173.0
175.0
179.0
185.0
191.0
191.0
195.0
199.0
202.0
205.0
210.0
212.0
219.0
223.0
223.0
230.0
235.0
238.0
237.0
231.0
225.0
216.0
206.0
199.0
192.0
185.0
185.0
186.0
189.0
193.0
194.0
195.0
198.0
200.0
199.0
203.0
205.0
206.0
207.0
206.0
206.0
203.0
203.0
203.0
205.0
206.0
205.0
205.0
204.0
204.0
205.0
205.0
207.0
207.0
207.0
209.0
209.0
207.0
206.0
210.0
206.0
208.0
207.0
208.0
210.0
212.0
213.0
211.0
211.0
211.0
211.0
213.0
216.0
222.0
225.0
231.0
230.0
219.0
216.0
206.0
202.0
203.0
204.0
205.0
208.0
222.0
230.0
304.0
411.0
252.0
194.0
149.0
169.0
178.0
183.0
190.0
192.0
196.0
199.0
204.0
205.0
207.0
208.0
211.0
212.0
219.0
222.0
224.0
230.0
234.0
235.0
235.0
233.0
226.0
218.0
210.0
200.0
194.0
188.0
191.0
192.0
192.0
194.0
197.0
198.0
201.0
204.0
207.0
206.0
208.0
209.0
211.0
209.0
209.0
210.0
210.0
211.0
211.0
210.0
208.0
208.0
209.0
208.0
208.0
207.0
208.0
208.0
207.0
206.0
207.0
208.0
209.0
206.0
205.0
206.0
208.0
209.0
210.0
205.0
208.0
206.0
206.0
208.0
214.0
222.0
217.0
225.0
214.0
210.0
201.0
200.0
197.0
199.0
201.0
204.0
217.0
219.0
279.0
383.0
320.0
208.0
158.0
159.0
173.0
177.0
180.0
184.0
189.0
194.0
196.0
201.0
196.0
203.0
208.0
210.0
215.0
220.0
225.0
231.0
234.0
237.0
237.0
234.0
229.0
221.0
210.0
200.0
195.0
186.0
185.0
186.0
188.0
190.0
192.0
192.0
194.0
197.0
200.0
202.0
202.0
205.0
205.0
203.0
201.0
204.0
204.0
204.0
205.0
206.0
206.0
205.0
206.0
207.0
209.0
207.0
212.0
210.0
208.0
209.0
211.0
209.0
209.0
211.0
211.0
210.0
213.0
212.0
215.0
213.0
216.0
210.0
213.0
211.0
210.0
211.0
210.0
214.0
218.0
222.0
219.0
225.0
215.0
213.0
203.0
201.0
198.0
201.0
202.0
205.0
218.0
219.0
284.0
393.0
303.0
209.0
158.0
162.0
175.0
181.0
185.0
187.0
193.0
196.0
202.0
206.0
210.0
212.0
216.0
215.0
217.0
223.0
228.0
235.0
240.0
239.0
240.0
237.0
228.0
223.0
209.0
207.0
198.0
193.0
190.0
192.0
194.0
195.0
197.0
201.0
203.0
204.0
204.0
205.0
208.0
208.0
209.0
206.0
207.0
205.0
205.0
205.0
203.0
205.0
207.0
209.0
208.0
208.0
208.0
208.0
209.0
210.0
209.0
208.0
211.0
212.0
210.0
211.0
210.0
210.0
210.0
209.0
208.0
208.0
216.0
222.0
215.0
224.0
216.0
208.0
200.0
195.0
195.0
195.0
197.0
199.0
205.0
214.0
255.0
353.0
359.0
218.0
161.0
146.0
166.0
170.0
172.0
175.0
180.0
185.0
189.0
193.0
197.0
199.0
203.0
207.0
212.0
216.0
219.0
226.0
232.0
237.0
237.0
238.0
230.0
224.0
213.0
204.0
196.0
188.0
185.0
184.0
186.0
189.0
190.0
194.0
195.0
198.0
200.0
201.0
202.0
204.0
205.0
205.0
205.0
207.0
205.0
206.0
207.0
208.0
207.0
206.0
208.0
208.0
208.0
209.0
208.0
208.0
208.0
210.0
210.0
209.0
209.0
210.0
209.0
209.0
209.0
208.0
208.0
208.0
209.0
208.0
209.0
209.0
209.0
211.0
211.0
211.0
216.0
224.0
215.0
224.0
220.0
211.0
203.0
203.0
198.0
200.0
202.0
203.0
212.0
218.0
259.0
355.0
359.0
220.0
169.0
150.0
171.0
174.0
180.0
184.0
190.0
194.0
195.0
199.0
204.0
205.0
208.0
213.0
215.0
217.0
225.0
229.0
235.0
239.0
240.0
237.0
233.0
224.0
217.0
206.0
200.0
191.0
187.0
187.0
186.0
190.0
194.0
197.0
199.0
203.0
207.0
206.0
209.0
209.0
209.0
209.0
212.0
210.0
210.0
210.0
209.0
209.0
211.0
210.0
211.0
211.0
210.0
209.0
210.0
209.0
206.0
208.0
209.0
208.0
209.0
208.0
207.0
207.0
209.0
209.0
209.0
215.0
223.0
219.0
228.0
219.0
212.0
204.0
200.0
194.0
197.0
198.0
202.0
207.0
215.0
254.0
351.0
367.0
225.0
166.0
146.0
167.0
174.0
178.0
181.0
186.0
189.0
193.0
196.0
202.0
205.0
207.0
211.0
215.0
220.0
222.0
229.0
233.0
238.0
239.0
237.0
231.0
225.0
215.0
205.0
196.0
189.0
185.0
186.0
186.0
189.0
192.0
193.0
196.0
197.0
200.0
200.0
203.0
204.0
205.0
208.0
206.0
206.0
205.0
203.0
204.0
206.0
208.0
209.0
208.0
209.0
209.0
209.0
209.0
210.0
210.0
210.0
210.0
208.0
208.0
209.0
210.0
209.0
209.0
208.0
208.0
207.0
206.0
208.0
208.0
207.0
210.0
212.0
216.0
222.0
222.0
223.0
213.0
211.0
202.0
202.0
202.0
203.0
205.0
206.0
224.0
225.0
296.0
404.0
272.0
189.0
143.0
162.0
175.0
178.0
182.0
185.0
191.0
195.0
198.0
202.0
203.0
203.0
206.0
209.0
212.0
217.0
224.0
228.0
235.0
225.0
227.0
229.0
227.0
219.0
210.0
199.0
193.0
185.0
188.0
188.0
188.0
191.0
191.0
194.0
197.0
198.0
202.0
203.0
204.0
205.0
210.0
209.0
207.0
205.0
205.0
206.0
205.0
206.0
206.0
205.0
207.0
205.0
208.0
208.0
206.0
208.0
208.0
207.0
209.0
209.0
210.0
208.0
209.0
210.0
210.0
210.0
208.0
211.0
220.0
227.0
224.0
229.0
218.0
215.0
200.0
200.0
200.0
200.0
203.0
204.0
215.0
217.0
278.0
387.0
318.0
215.0
164.0
159.0
175.0
178.0
183.0
189.0
195.0
199.0
203.0
208.0
208.0
210.0
212.0
212.0
220.0
221.0
226.0
232.0
236.0
237.0
238.0
233.0
226.0
220.0
210.0
202.0
194.0
187.0
186.0
184.0
188.0
189.0
192.0
196.0
199.0
199.0
200.0
203.0
204.0
203.0
204.0
206.0
205.0
205.0
206.0
205.0
205.0
206.0
206.0
205.0
205.0
205.0
207.0
208.0
206.0
206.0
208.0
208.0
207.0
208.0
209.0
210.0
210.0
212.0
212.0
210.0
211.0
208.0
210.0
216.0
223.0
217.0
228.0
221.0
212.0
206.0
201.0
199.0
201.0
205.0
206.0
208.0
219.0
248.0
338.0
386.0
228.0
173.0
147.0
172.0
177.0
179.0
185.0
189.0
193.0
197.0
201.0
204.0
206.0
208.0
212.0
215.0
219.0
225.0
231.0
235.0
237.0
237.0
238.0
232.0
223.0
215.0
206.0
198.0
189.0
187.0
186.0
185.0
188.0
189.0
191.0
194.0
194.0
198.0
206.0
205.0
208.0
208.0
207.0
206.0
204.0
204.0
205.0
203.0
202.0
200.0
204.0
206.0
207.0
208.0
211.0
215.0
213.0
213.0
211.0
211.0
211.0
211.0
210.0
210.0
213.0
210.0
211.0
212.0
210.0
211.0
210.0
215.0
218.0
224.0
223.0
225.0
213.0
212.0
202.0
200.0
197.0
199.0
203.0
207.0
222.0
223.0
294.0
405.0
273.0
199.0
152.0
161.0
175.0
179.0
183.0
191.0
194.0
199.0
199.0
204.0
206.0
210.0
212.0
216.0
220.0
223.0
229.0
234.0
237.0
240.0
237.0
234.0
225.0
221.0
212.0
203.0
193.0
189.0
189.0
188.0
189.0
190.0
191.0
195.0
196.0
200.0
202.0
205.0
207.0
208.0
208.0
209.0
209.0
206.0
204.0
203.0
205.0
205.0
205.0
203.0
205.0
205.0
205.0
204.0
203.0
204.0
204.0
205.0
203.0
203.0
203.0
202.0
204.0
206.0
207.0
206.0
210.0
215.0
221.0
225.0
222.0
226.0
214.0
210.0
204.0
200.0
199.0
202.0
202.0
205.0
222.0
230.0
302.0
411.0
265.0
193.0
146.0
166.0
176.0
178.0
184.0
188.0
192.0
194.0
198.0
199.0
204.0
209.0
207.0
215.0
218.0
223.0
231.0
234.0
238.0
238.0
237.0
235.0
228.0
219.0
207.0
198.0
193.0
186.0
183.0
185.0
187.0
188.0
192.0
195.0
198.0
199.0
201.0
204.0
206.0
205.0
208.0
207.0
208.0
207.0
206.0
206.0
206.0
205.0
206.0
208.0
206.0
204.0
205.0
206.0
207.0
207.0
209.0
208.0
208.0
207.0
207.0
208.0
208.0
211.0
211.0
211.0
211.0
210.0
210.0
210.0
209.0
209.0
214.0
219.0
218.0
229.0
226.0
212.0
209.0
201.0
197.0
199.0
203.0
205.0
206.0
223.0
238.0
317.0
404.0
238.0
182.0
140.0
164.0
172.0
175.0
182.0
185.0
188.0
191.0
196.0
200.0
206.0
207.0
208.0
214.0
218.0
224.0
229.0
235.0
238.0
238.0
238.0
233.0
224.0
219.0
209.0
200.0
192.0
186.0
184.0
187.0
187.0
194.0
196.0
199.0
197.0
202.0
202.0
206.0
206.0
206.0
208.0
209.0
206.0
207.0
208.0
205.0
207.0
206.0
207.0
208.0
209.0
209.0
209.0
208.0
208.0
208.0
207.0
209.0
210.0
208.0
209.0
211.0
213.0
213.0
214.0
220.0
223.0
224.0
232.0
229.0
216.0
210.0
202.0
202.0
199.0
200.0
200.0
203.0
221.0
232.0
308.0
410.0
247.0
187.0
144.0
162.0
172.0
174.0
179.0
186.0
191.0
194.0
198.0
198.0
202.0
206.0
207.0
209.0
215.0
218.0
223.0
230.0
234.0
236.0
233.0
230.0
223.0
217.0
205.0
197.0
190.0
187.0
185.0
184.0
188.0
191.0
194.0
195.0
198.0
199.0
201.0
202.0
204.0
204.0
206.0
207.0
209.0
205.0
205.0
205.0
207.0
205.0
204.0
206.0
206.0
207.0
209.0
207.0
207.0
208.0
208.0
209.0
209.0
208.0
210.0
210.0
211.0
211.0
211.0
210.0
210.0
212.0
211.0
211.0
211.0
211.0
211.0
209.0
216.0
223.0
226.0
235.0
232.0
220.0
215.0
207.0
202.0
203.0
204.0
202.0
208.0
222.0
241.0
325.0
400.0
236.0
180.0
145.0
167.0
172.0
177.0
181.0
187.0
191.0
194.0
197.0
201.0
203.0
205.0
207.0
212.0
214.0
221.0
230.0
236.0
236.0
238.0
234.0
229.0
222.0
216.0
206.0
196.0
191.0
186.0
184.0
185.0
186.0
188.0
194.0
198.0
200.0
203.0
201.0
203.0
203.0
205.0
207.0
207.0
206.0
205.0
208.0
206.0
207.0
206.0
207.0
209.0
206.0
208.0
209.0
210.0
210.0
213.0
211.0
210.0
211.0
210.0
210.0
213.0
211.0
211.0
210.0
212.0
212.0
214.0
214.0
214.0
216.0
217.0
224.0
221.0
230.0
227.0
214.0
207.0
203.0
199.0
201.0
200.0
205.0
211.0
220.0
244.0
329.0
401.0
237.0
181.0
142.0
167.0
174.0
175.0
179.0
185.0
189.0
193.0
196.0
196.0
203.0
207.0
211.0
211.0
218.0
221.0
227.0
230.0
236.0
238.0
234.0
232.0
225.0
216.0
208.0
198.0
190.0
184.0
183.0
185.0
188.0
192.0
196.0
197.0
200.0
202.0
202.0
202.0
207.0
208.0
207.0
208.0
211.0
211.0
208.0
209.0
208.0
207.0
206.0
205.0
205.0
203.0
205.0
205.0
208.0
206.0
206.0
207.0
208.0
208.0
207.0
204.0
205.0
205.0
206.0
206.0
207.0
208.0
210.0
214.0
219.0
223.0
228.0
227.0
215.0
210.0
202.0
199.0
200.0
201.0
204.0
207.0
223.0
228.0
304.0
411.0
260.0
189.0
144.0
161.0
175.0
178.0
182.0
185.0
189.0
191.0
196.0
201.0
205.0
205.0
206.0
211.0
214.0
219.0
226.0
230.0
236.0
236.0
237.0
235.0
227.0
220.0
208.0
200.0
195.0
187.0
185.0
188.0
192.0
193.0
194.0
195.0
199.0
199.0
202.0
205.0
205.0
206.0
207.0
205.0
204.0
204.0
206.0
205.0
203.0
202.0
202.0
204.0
203.0
204.0
204.0
206.0
208.0
206.0
209.0
208.0
208.0
209.0
208.0
204.0
206.0
208.0
210.0
207.0
208.0
209.0
208.0
210.0
212.0
210.0
208.0
214.0
222.0
217.0
228.0
219.0
209.0
206.0
203.0
197.0
199.0
202.0
206.0
209.0
215.0
254.0
352.0
355.0
220.0
164.0
144.0
167.0
173.0
162.0
172.0
180.0
188.0
191.0
195.0
201.0
206.0
210.0
212.0
217.0
222.0
226.0
232.0
237.0
242.0
240.0
237.0
233.0
225.0
219.0
208.0
200.0
196.0
189.0
190.0
191.0
194.0
197.0
200.0
203.0
204.0
208.0
210.0
208.0
207.0
208.0
208.0
202.0
203.0
205.0
205.0
205.0
203.0
202.0
203.0
203.0
205.0
206.0
207.0
208.0
209.0
210.0
210.0
212.0
209.0
210.0
209.0
211.0
211.0
214.0
207.0
212.0
220.0
229.0
223.0
229.0
220.0
213.0
204.0
201.0
198.0
202.0
202.0
201.0
209.0
215.0
262.0
366.0
350.0
221.0
163.0
150.0
167.0
171.0
177.0
180.0
185.0
191.0
194.0
196.0
200.0
201.0
206.0
209.0
213.0
217.0
222.0
228.0
236.0
237.0
238.0
235.0
229.0
222.0
214.0
204.0
194.0
189.0
186.0
183.0
185.0
188.0
191.0
194.0
194.0
196.0
196.0
197.0
199.0
203.0
202.0
201.0
201.0
204.0
202.0
203.0
199.0
202.0
204.0
208.0
208.0
208.0
209.0
209.0
211.0
211.0
211.0
213.0
214.0
214.0
212.0
215.0
216.0
218.0
219.0
215.0
213.0
210.0
210.0
210.0
214.0
214.0
213.0
212.0
211.0
211.0
212.0
218.0
222.0
222.0
226.0
225.0
214.0
210.0
203.0
201.0
205.0
206.0
206.0
206.0
219.0
240.0
327.0
394.0
234.0
176.0
147.0
168.0
174.0
177.0
183.0
186.0
191.0
195.0
199.0
200.0
202.0
208.0
209.0
211.0
216.0
222.0
227.0
230.0
234.0
238.0
234.0
230.0
225.0
216.0
206.0
198.0
191.0
187.0
184.0
186.0
189.0
191.0
193.0
196.0
198.0
199.0
200.0
203.0
206.0
204.0
204.0
204.0
204.0
202.0
202.0
205.0
203.0
206.0
203.0
205.0
207.0
207.0
208.0
210.0
210.0
209.0
209.0
209.0
210.0
210.0
209.0
211.0
212.0
211.0
216.0
224.0
228.0
228.0
229.0
216.0
214.0
203.0
201.0
202.0
205.0
204.0
205.0
221.0
225.0
293.0
402.0
275.0
199.0
150.0
160.0
172.0
177.0
182.0
187.0
190.0
195.0
198.0
201.0
205.0
206.0
207.0
209.0
215.0
219.0
225.0
234.0
237.0
241.0
244.0
237.0
231.0
223.0
214.0
204.0
196.0
190.0
186.0
188.0
189.0
191.0
193.0
195.0
196.0
198.0
200.0
202.0
204.0
206.0
206.0
206.0
206.0
205.0
202.0
201.0
201.0
202.0
203.0
204.0
205.0
206.0
208.0
212.0
211.0
209.0
210.0
211.0
208.0
212.0
212.0
211.0
211.0
210.0
212.0
212.0
210.0
209.0
210.0
209.0
209.0
210.0
209.0
212.0
216.0
223.0
219.0
228.0
223.0
213.0
204.0
201.0
199.0
203.0
204.0
206.0
218.0
219.0
270.0
375.0
337.0
217.0
160.0
156.0
171.0
176.0
180.0
182.0
188.0
192.0
198.0
198.0
202.0
207.0
210.0
212.0
214.0
219.0
225.0
229.0
236.0
240.0
238.0
236.0
233.0
222.0
212.0
206.0
193.0
187.0
186.0
185.0
187.0
190.0
191.0
193.0
198.0
198.0
201.0
201.0
203.0
205.0
207.0
205.0
205.0
205.0
208.0
208.0
206.0
206.0
205.0
207.0
208.0
205.0
206.0
205.0
206.0
208.0
206.0
209.0
211.0
210.0
212.0
212.0
210.0
212.0
212.0
211.0
210.0
210.0
212.0
216.0
223.0
222.0
230.0
225.0
215.0
210.0
204.0
200.0
201.0
203.0
207.0
208.0
222.0
249.0
335.0
388.0
237.0
180.0
147.0
171.0
175.0
178.0
183.0
187.0
191.0
194.0
199.0
201.0
205.0
208.0
210.0
213.0
218.0
223.0
226.0
230.0
235.0
236.0
232.0
229.0
223.0
215.0
205.0
195.0
189.0
183.0
183.0
182.0
187.0
188.0
190.0
194.0
197.0
199.0
200.0
201.0
204.0
206.0
206.0
205.0
205.0
205.0
206.0
204.0
206.0
205.0
205.0
205.0
206.0
206.0
204.0
204.0
208.0
206.0
206.0
205.0
207.0
208.0
208.0
207.0
208.0
209.0
210.0
212.0
212.0
210.0
210.0
212.0
212.0
212.0
212.0
215.0
221.0
226.0
225.0
230.0
217.0
215.0
204.0
201.0
203.0
204.0
205.0
206.0
222.0
227.0
297.0
403.0
266.0
194.0
147.0
162.0
175.0
176.0
179.0
183.0
188.0
191.0
195.0
199.0
202.0
206.0
206.0
210.0
214.0
220.0
227.0
231.0
235.0
236.0
238.0
236.0
231.0
221.0
212.0
202.0
193.0
189.0
188.0
188.0
189.0
190.0
192.0
196.0
197.0
199.0
202.0
203.0
203.0
205.0
206.0
207.0
206.0
206.0
207.0
206.0
207.0
207.0
206.0
206.0
205.0
205.0
204.0
205.0
211.0
212.0
213.0
208.0
209.0
210.0
208.0
210.0
210.0
210.0
212.0
211.0
212.0
212.0
211.0
212.0
211.0
213.0
215.0
222.0
219.0
227.0
220.0
209.0
205.0
200.0
200.0
200.0
204.0
206.0
213.0
217.0
263.0
363.0
349.0
223.0
167.0
155.0
170.0
179.0
181.0
185.0
189.0
193.0
199.0
201.0
205.0
210.0
214.0
215.0
219.0
221.0
226.0
234.0
236.0
237.0
237.0
238.0
234.0
227.0
221.0
210.0
203.0
195.0
194.0
193.0
193.0
192.0
195.0
198.0
200.0
203.0
205.0
209.0
207.0
210.0
212.0
212.0
211.0
210.0
210.0
208.0
205.0
207.0
210.0
208.0
211.0
211.0
212.0
212.0
209.0
208.0
209.0
207.0
206.0
205.0
204.0
206.0
204.0
207.0
206.0
206.0
207.0
209.0
210.0
215.0
224.0
221.0
225.0
216.0
212.0
202.0
198.0
198.0
200.0
202.0
203.0
216.0
220.0
289.0
397.0
293.0
202.0
149.0
157.0
171.0
174.0
178.0
182.0
188.0
192.0
196.0
199.0
202.0
204.0
207.0
211.0
216.0
223.0
228.0
235.0
239.0
241.0
242.0
238.0
234.0
226.0
218.0
206.0
198.0
191.0
189.0
188.0
188.0
189.0
190.0
193.0
195.0
196.0
198.0
200.0
199.0
201.0
202.0
203.0
205.0
204.0
203.0
203.0
205.0
204.0
205.0
204.0
207.0
207.0
208.0
209.0
207.0
207.0
209.0
208.0
209.0
211.0
211.0
208.0
209.0
210.0
210.0
209.0
211.0
215.0
223.0
218.0
223.0
219.0
210.0
204.0
200.0
195.0
201.0
202.0
203.0
210.0
218.0
253.0
348.0
374.0
227.0
169.0
151.0
168.0
174.0
178.0
183.0
185.0
193.0
195.0
198.0
203.0
208.0
214.0
217.0
216.0
223.0
228.0
232.0
234.0
235.0
237.0
235.0
232.0
225.0
216.0
206.0
203.0
197.0
191.0
191.0
196.0
197.0
197.0
200.0
204.0
203.0
205.0
206.0
208.0
208.0
210.0
208.0
211.0
212.0
210.0
208.0
208.0
208.0
209.0
208.0
210.0
209.0
211.0
210.0
210.0
208.0
206.0
207.0
207.0
206.0
208.0
211.0
219.0
225.0
217.0
223.0
208.0
207.0
198.0
195.0
194.0
196.0
202.0
202.0
212.0
215.0
273.0
377.0
323.0
214.0
157.0
152.0
168.0
169.0
175.0
181.0
185.0
189.0
194.0
195.0
201.0
202.0
206.0
208.0
213.0
218.0
220.0
226.0
231.0
233.0
231.0
231.0
226.0
216.0
208.0
200.0
190.0
185.0
182.0
181.0
185.0
186.0
190.0
194.0
193.0
198.0
201.0
202.0
200.0
203.0
206.0
207.0
205.0
205.0
206.0
208.0
205.0
206.0
206.0
207.0
206.0
207.0
208.0
209.0
208.0
210.0
209.0
210.0
211.0
210.0
210.0
210.0
217.0
220.0
218.0
225.0
220.0
208.0
204.0
199.0
197.0
198.0
199.0
200.0
204.0
222.0
233.0
310.0
401.0
241.0
181.0
144.0
169.0
177.0
184.0
190.0
191.0
194.0
197.0
201.0
201.0
206.0
208.0
211.0
214.0
219.0
224.0
232.0
238.0
240.0
241.0
241.0
234.0
228.0
219.0
209.0
199.0
191.0
186.0
186.0
186.0
191.0
193.0
197.0
197.0
199.0
199.0
202.0
203.0
206.0
207.0
205.0
209.0
208.0
205.0
205.0
205.0
203.0
203.0
203.0
203.0
203.0
205.0
205.0
205.0
205.0
207.0
208.0
210.0
211.0
210.0
210.0
211.0
209.0
212.0
215.0
223.0
219.0
227.0
220.0
214.0
209.0
204.0
197.0
199.0
202.0
202.0
209.0
223.0
246.0
336.0
379.0
229.0
176.0
147.0
169.0
179.0
186.0
191.0
194.0
194.0
199.0
203.0
206.0
207.0
210.0
213.0
216.0
222.0
227.0
232.0
238.0
240.0
241.0
237.0
230.0
222.0
213.0
204.0
195.0
190.0
188.0
189.0
190.0
194.0
197.0
199.0
199.0
203.0
205.0
207.0
211.0
210.0
211.0
212.0
212.0
209.0
207.0
207.0
206.0
206.0
207.0
206.0
206.0
208.0
208.0
210.0
210.0
212.0
210.0
214.0
221.0
228.0
223.0
228.0
223.0
211.0
207.0
200.0
194.0
195.0
198.0
198.0
200.0
216.0
230.0
311.0
400.0
236.0
178.0
137.0
164.0
170.0
172.0
178.0
183.0
187.0
192.0
195.0
199.0
203.0
206.0
209.0
214.0
220.0
225.0
230.0
236.0
239.0
239.0
237.0
232.0
227.0
218.0
208.0
199.0
193.0
188.0
189.0
190.0
193.0
192.0
195.0
197.0
198.0
200.0
201.0
201.0
204.0
203.0
204.0
203.0
202.0
204.0
206.0
206.0
206.0
203.0
205.0
206.0
206.0
207.0
207.0
205.0
207.0
205.0
206.0
209.0
209.0
209.0
208.0
208.0
208.0
208.0
207.0
208.0
208.0
207.0
208.0
211.0
217.0
219.0
222.0
225.0
214.0
211.0
202.0
199.0
198.0
199.0
203.0
204.0
222.0
229.0
301.0
406.0
264.0
190.0
147.0
164.0
177.0
180.0
183.0
187.0
191.0
193.0
200.0
203.0
206.0
204.0
206.0
208.0
214.0
216.0
224.0
229.0
231.0
236.0
234.0
230.0
227.0
219.0
211.0
201.0
192.0
190.0
188.0
188.0
185.0
190.0
192.0
198.0
202.0
204.0
206.0
207.0
207.0
208.0
209.0
207.0
207.0
206.0
207.0
206.0
208.0
207.0
208.0
208.0
204.0
207.0
208.0
209.0
209.0
212.0
209.0
209.0
209.0
212.0
214.0
215.0
216.0
224.0
232.0
232.0
239.0
236.0
225.0
222.0
216.0
211.0
211.0
211.0
210.0
212.0
227.0
247.0
334.0
398.0
236.0
179.0
141.0
167.0
173.0
176.0
182.0
185.0
190.0
192.0
195.0
197.0
200.0
206.0
206.0
211.0
215.0
218.0
224.0
229.0
231.0
233.0
231.0
224.0
217.0
209.0
199.0
190.0
184.0
182.0
182.0
183.0
185.0
188.0
189.0
192.0
194.0
198.0
200.0
203.0
202.0
203.0
203.0
203.0
203.0
203.0
202.0
201.0
202.0
204.0
204.0
204.0
203.0
206.0
206.0
209.0
210.0
210.0
209.0
207.0
207.0
208.0
210.0
209.0
210.0
210.0
207.0
208.0
211.0
219.0
223.0
223.0
225.0
214.0
211.0
203.0
199.0
198.0
200.0
202.0
205.0
222.0
230.0
304.0
404.0
252.0
183.0
140.0
161.0
171.0
173.0
179.0
181.0
188.0
189.0
194.0
200.0
202.0
204.0
209.0
212.0
219.0
225.0
228.0
234.0
241.0
242.0
241.0
237.0
231.0
219.0
210.0
199.0
192.0
186.0
189.0
192.0
192.0
192.0
196.0
196.0
197.0
201.0
204.0
205.0
204.0
205.0
206.0
207.0
207.0
206.0
206.0
204.0
205.0
204.0
205.0
206.0
205.0
206.0
204.0
202.0
203.0
204.0
204.0
207.0
206.0
208.0
209.0
209.0
210.0
209.0
210.0
210.0
210.0
220.0
225.0
221.0
228.0
217.0
216.0
207.0
202.0
199.0
202.0
203.0
206.0
218.0
221.0
282.0
384.0
309.0
207.0
152.0
156.0
171.0
173.0
180.0
183.0
188.0
193.0
198.0
201.0
205.0
208.0
205.0
210.0
215.0
218.0
225.0
228.0
230.0
233.0
233.0
232.0
229.0
219.0
210.0
202.0
194.0
189.0
186.0
186.0
188.0
188.0
193.0
196.0
196.0
200.0
202.0
204.0
205.0
207.0
206.0
207.0
208.0
208.0
207.0
208.0
208.0
209.0
208.0
208.0
207.0
208.0
208.0
209.0
209.0
210.0
208.0
212.0
212.0
219.0
226.0
219.0
226.0
221.0
211.0
206.0
201.0
200.0
201.0
200.0
203.0
206.0
220.0
250.0
336.0
377.0
231.0
175.0
142.0
169.0
176.0
180.0
184.0
187.0
193.0
195.0
199.0
203.0
206.0
209.0
214.0
216.0
222.0
229.0
233.0
235.0
237.0
238.0
236.0
229.0
219.0
213.0
201.0
190.0
185.0
183.0
184.0
184.0
188.0
190.0
195.0
197.0
198.0
200.0
204.0
205.0
206.0
208.0
207.0
205.0
206.0
206.0
203.0
205.0
203.0
204.0
205.0
204.0
204.0
203.0
204.0
205.0
207.0
206.0
208.0
207.0
209.0
214.0
221.0
223.0
223.0
220.0
210.0
206.0
201.0
197.0
197.0
200.0
201.0
205.0
219.0
231.0
309.0
405.0
247.0
181.0
138.0
164.0
173.0
173.0
177.0
183.0
191.0
195.0
198.0
201.0
205.0
208.0
211.0
214.0
218.0
225.0
231.0
237.0
240.0
241.0
242.0
239.0
230.0
222.0
210.0
201.0
192.0
188.0
186.0
187.0
189.0
191.0
193.0
196.0
199.0
202.0
201.0
203.0
204.0
204.0
204.0
204.0
204.0
202.0
205.0
205.0
202.0
203.0
202.0
203.0
204.0
212.0
210.0
211.0
210.0
212.0
211.0
211.0
212.0
214.0
211.0
213.0
211.0
214.0
210.0
210.0
210.0
211.0
216.0
220.0
225.0
221.0
225.0
212.0
215.0
205.0
203.0
204.0
203.0
205.0
208.0
223.0
228.0
298.0
400.0
266.0
193.0
148.0
160.0
175.0
176.0
182.0
185.0
189.0
190.0
192.0
197.0
201.0
204.0
208.0
210.0
216.0
222.0
225.0
231.0
235.0
235.0
236.0
233.0
227.0
219.0
213.0
205.0
194.0
188.0
189.0
188.0
191.0
194.0
197.0
195.0
201.0
203.0
207.0
206.0
207.0
210.0
210.0
208.0
208.0
207.0
208.0
207.0
203.0
206.0
208.0
206.0
205.0
207.0
207.0
208.0
207.0
210.0
211.0
209.0
209.0
212.0
218.0
225.0
228.0
227.0
227.0
212.0
209.0
202.0
198.0
198.0
202.0
202.0
204.0
220.0
230.0
304.0
406.0
253.0
187.0
141.0
161.0
171.0
176.0
179.0
185.0
189.0
192.0
197.0
200.0
202.0
207.0
210.0
213.0
218.0
222.0
231.0
232.0
234.0
235.0
234.0
229.0
223.0
215.0
206.0
199.0
192.0
187.0
183.0
181.0
185.0
186.0
190.0
194.0
195.0
198.0
201.0
200.0
202.0
200.0
200.0
199.0
202.0
202.0
203.0
204.0
205.0
205.0
202.0
203.0
205.0
207.0
205.0
205.0
207.0
208.0
208.0
207.0
208.0
208.0
209.0
209.0
209.0
209.0
209.0
211.0
208.0
208.0
208.0
212.0
220.0
221.0
226.0
223.0
211.0
207.0
201.0
198.0
196.0
200.0
203.0
205.0
222.0
238.0
320.0
395.0
231.0
172.0
144.0
168.0
173.0
176.0
183.0
187.0
192.0
196.0
199.0
203.0
205.0
210.0
213.0
215.0
219.0
226.0
230.0
235.0
236.0
238.0
238.0
233.0
228.0
221.0
211.0
200.0
194.0
189.0
190.0
191.0
189.0
189.0
192.0
196.0
198.0
198.0
199.0
199.0
201.0
202.0
203.0
202.0
203.0
203.0
204.0
204.0
204.0
206.0
207.0
207.0
208.0
206.0
208.0
208.0
208.0
208.0
210.0
208.0
211.0
211.0
210.0
210.0
212.0
212.0
210.0
210.0
212.0
211.0
212.0
214.0
213.0
213.0
214.0
219.0
226.0
222.0
229.0
223.0
218.0
205.0
203.0
203.0
201.0
204.0
207.0
218.0
218.0
279.0
385.0
304.0
208.0
160.0
160.0
175.0
179.0
183.0
187.0
189.0
193.0
197.0
200.0
203.0
204.0
209.0
210.0
216.0
222.0
228.0
232.0
236.0
239.0
240.0
233.0
229.0
225.0
212.0
208.0
199.0
194.0
193.0
193.0
193.0
195.0
198.0
200.0
205.0
206.0
204.0
206.0
210.0
211.0
211.0
208.0
210.0
208.0
211.0
212.0
210.0
209.0
209.0
209.0
213.0
207.0
211.0
211.0
210.0
212.0
211.0
210.0
209.0
212.0
216.0
223.0
227.0
222.0
229.0
215.0
212.0
201.0
199.0
196.0
200.0
199.0
203.0
215.0
218.0
285.0
397.0
293.0
204.0
151.0
160.0
171.0
172.0
177.0
182.0
188.0
193.0
196.0
201.0
206.0
209.0
208.0
215.0
218.0
224.0
229.0
233.0
236.0
238.0
238.0
235.0
229.0
220.0
210.0
200.0
193.0
189.0
186.0
185.0
188.0
191.0
194.0
197.0
198.0
200.0
202.0
201.0
202.0
204.0
205.0
204.0
204.0
204.0
204.0
205.0
206.0
204.0
204.0
206.0
206.0
209.0
211.0
211.0
211.0
210.0
209.0
210.0
210.0
211.0
212.0
211.0
210.0
211.0
210.0
210.0
211.0
212.0
211.0
209.0
214.0
219.0
222.0
219.0
226.0
215.0
211.0
200.0
199.0
197.0
198.0
201.0
202.0
217.0
216.0
278.0
387.0
306.0
202.0
151.0
159.0
174.0
175.0
180.0
184.0
190.0
195.0
195.0
198.0
202.0
205.0
209.0
210.0
214.0
222.0
225.0
231.0
236.0
236.0
236.0
236.0
230.0
223.0
214.0
202.0
195.0
190.0
186.0
186.0
188.0
191.0
193.0
194.0
200.0
202.0
201.0
202.0
204.0
203.0
203.0
205.0
203.0
203.0
207.0
204.0
202.0
206.0
204.0
206.0
206.0
208.0
206.0
205.0
205.0
208.0
205.0
209.0
210.0
209.0
212.0
215.0
221.0
218.0
225.0
221.0
213.0
209.0
204.0
202.0
201.0
204.0
201.0
205.0
221.0
236.0
312.0
397.0
237.0
182.0
143.0
167.0
175.0
179.0
182.0
185.0
192.0
194.0
197.0
199.0
204.0
208.0
209.0
214.0
219.0
223.0
228.0
232.0
236.0
236.0
236.0
232.0
225.0
216.0
208.0
198.0
192.0
188.0
186.0
186.0
190.0
191.0
193.0
197.0
197.0
198.0
201.0
202.0
203.0
204.0
205.0
205.0
205.0
206.0
206.0
206.0
204.0
205.0
207.0
207.0
207.0
208.0
204.0
207.0
207.0
206.0
206.0
212.0
210.0
210.0
210.0
209.0
217.0
223.0
223.0
228.0
225.0
213.0
209.0
202.0
199.0
199.0
200.0
200.0
202.0
221.0
232.0
308.0
397.0
238.0
178.0
140.0
164.0
171.0
173.0
178.0
184.0
187.0
194.0
198.0
200.0
206.0
209.0
210.0
212.0
217.0
221.0
228.0
233.0
239.0
241.0
239.0
234.0
229.0
218.0
209.0
201.0
192.0
186.0
186.0
186.0
186.0
191.0
191.0
195.0
198.0
199.0
202.0
204.0
205.0
205.0
207.0
206.0
205.0
206.0
207.0
206.0
206.0
208.0
208.0
207.0
207.0
207.0
208.0
212.0
208.0
207.0
209.0
208.0
207.0
208.0
210.0
211.0
214.0
212.0
211.0
216.0
221.0
227.0
226.0
228.0
217.0
214.0
206.0
201.0
200.0
200.0
204.0
208.0
224.0
229.0
302.0
404.0
263.0
191.0
144.0
163.0
174.0
178.0
182.0
187.0
191.0
195.0
200.0
204.0
203.0
209.0
213.0
214.0
219.0
223.0
229.0
234.0
237.0
238.0
237.0
234.0
227.0
219.0
213.0
205.0
198.0
190.0
190.0
189.0
188.0
190.0
194.0
197.0
200.0
203.0
204.0
205.0
208.0
208.0
209.0
208.0
205.0
205.0
203.0
204.0
204.0
204.0
202.0
201.0
202.0
203.0
204.0
204.0
206.0
205.0
206.0
206.0
206.0
209.0
209.0
208.0
209.0
209.0
209.0
209.0
210.0
213.0
214.0
221.0
227.0
222.0
229.0
219.0
213.0
205.0
204.0
199.0
200.0
204.0
207.0
214.0
220.0
271.0
374.0
345.0
216.0
161.0
154.0
172.0
172.0
177.0
181.0
185.0
189.0
195.0
196.0
201.0
202.0
207.0
211.0
214.0
220.0
226.0
229.0
235.0
238.0
238.0
237.0
233.0
228.0
217.0
207.0
198.0
193.0
190.0
189.0
189.0
190.0
193.0
196.0
198.0
198.0
200.0
203.0
206.0
206.0
208.0
210.0
208.0
209.0
206.0
206.0
204.0
205.0
206.0
205.0
205.0
204.0
206.0
206.0
208.0
206.0
206.0
209.0
208.0
208.0
207.0
207.0
205.0
206.0
205.0
204.0
204.0
205.0
203.0
206.0
206.0
208.0
208.0
209.0
209.0
211.0
211.0
218.0
225.0
222.0
227.0
217.0
211.0
203.0
199.0
198.0
199.0
203.0
202.0
214.0
215.0
274.0
383.0
316.0
208.0
154.0
155.0
169.0
169.0
177.0
181.0
187.0
192.0
194.0
199.0
201.0
206.0
207.0
211.0
215.0
221.0
224.0
231.0
235.0
236.0
237.0
236.0
234.0
224.0
215.0
204.0
196.0
186.0
184.0
186.0
187.0
190.0
193.0
192.0
198.0
198.0
206.0
204.0
206.0
206.0
206.0
208.0
208.0
209.0
207.0
207.0
206.0
203.0
203.0
205.0
206.0
205.0
208.0
205.0
204.0
207.0
211.0
211.0
209.0
208.0
209.0
210.0
209.0
209.0
211.0
209.0
209.0
208.0
212.0
217.0
224.0
223.0
227.0
213.0
212.0
204.0
198.0
198.0
200.0
201.0
203.0
219.0
224.0
294.0
400.0
270.0
195.0
144.0
160.0
174.0
176.0
180.0
184.0
187.0
193.0
195.0
198.0
200.0
201.0
205.0
209.0
212.0
218.0
225.0
230.0
236.0
238.0
238.0
235.0
229.0
221.0
210.0
198.0
190.0
187.0
185.0
184.0
186.0
188.0
190.0
191.0
195.0
197.0
197.0
197.0
199.0
202.0
202.0
201.0
204.0
202.0
202.0
199.0
203.0
203.0
203.0
202.0
204.0
206.0
205.0
208.0
205.0
206.0
205.0
208.0
208.0
209.0
210.0
210.0
211.0
211.0
211.0
212.0
210.0
210.0
207.0
203.0
206.0
209.0
214.0
218.0
225.0
221.0
225.0
214.0
213.0
201.0
198.0
198.0
202.0
204.0
207.0
221.0
226.0
296.0
402.0
270.0
196.0
148.0
163.0
176.0
178.0
181.0
187.0
191.0
196.0
197.0
201.0
204.0
209.0
211.0
215.0
217.0
223.0
228.0
231.0
236.0
239.0
235.0
234.0
230.0
222.0
211.0
202.0
196.0
189.0
187.0
188.0
190.0
193.0
195.0
197.0
198.0
201.0
201.0
200.0
204.0
202.0
203.0
204.0
201.0
196.0
198.0
194.0
192.0
195.0
194.0
195.0
197.0
200.0
202.0
206.0
206.0
208.0
211.0
213.0
216.0
215.0
217.0
218.0
218.0
219.0
218.0
221.0
223.0
230.0
230.0
233.0
232.0
217.0
213.0
208.0
203.0
202.0
207.0
207.0
209.0
228.0
238.0
320.0
414.0
247.0
188.0
144.0
166.0
175.0
178.0
183.0
187.0
192.0
195.0
199.0
203.0
206.0
208.0
213.0
216.0
218.0
224.0
230.0
236.0
239.0
241.0
241.0
236.0
230.0
219.0
211.0
200.0
192.0
188.0
188.0
190.0
191.0
192.0
194.0
196.0
200.0
201.0
203.0
206.0
207.0
206.0
208.0
209.0
206.0
205.0
206.0
207.0
203.0
204.0
205.0
204.0
204.0
205.0
207.0
208.0
207.0
209.0
215.0
213.0
213.0
211.0
213.0
213.0
210.0
213.0
217.0
215.0
219.0
225.0
225.0
232.0
226.0
216.0
210.0
203.0
200.0
201.0
202.0
204.0
207.0
223.0
245.0
333.0
392.0
232.0
175.0
147.0
170.0
176.0
179.0
181.0
187.0
194.0
200.0
202.0
205.0
208.0
208.0
211.0
216.0
221.0
225.0
232.0
238.0
239.0
241.0
243.0
237.0
231.0
221.0
211.0
200.0
194.0
191.0
188.0
188.0
191.0
194.0
195.0
198.0
200.0
200.0
202.0
202.0
205.0
201.0
203.0
202.0
204.0
203.0
204.0
200.0
201.0
201.0
202.0
205.0
205.0
204.0
206.0
206.0
206.0
208.0
207.0
208.0
211.0
210.0
208.0
208.0
210.0
212.0
216.0
220.0
223.0
226.0
226.0
214.0
211.0
201.0
197.0
201.0
200.0
204.0
206.0
222.0
232.0
309.0
399.0
241.0
185.0
141.0
164.0
174.0
176.0
182.0
185.0
190.0
194.0
197.0
202.0
207.0
209.0
208.0
212.0
215.0
219.0
226.0
230.0
235.0
238.0
239.0
236.0
230.0
224.0
214.0
202.0
193.0
188.0
186.0
189.0
191.0
194.0
197.0
201.0
203.0
205.0
207.0
208.0
209.0
212.0
212.0
211.0
212.0
214.0
211.0
209.0
210.0
210.0
209.0
208.0
211.0
210.0
208.0
208.0
209.0
210.0
209.0
213.0
213.0
220.0
231.0
224.0
233.0
219.0
212.0
205.0
199.0
197.0
199.0
202.0
202.0
207.0
219.0
253.0
349.0
380.0
229.0
169.0
146.0
168.0
171.0
175.0
180.0
186.0
190.0
193.0
196.0
199.0
202.0
205.0
206.0
211.0
216.0
221.0
230.0
234.0
237.0
235.0
232.0
230.0
223.0
212.0
204.0
196.0
190.0
184.0
186.0
188.0
188.0
190.0
193.0
193.0
196.0
197.0
200.0
200.0
204.0
201.0
205.0
204.0
202.0
204.0
204.0
203.0
203.0
204.0
204.0
203.0
205.0
206.0
206.0
205.0
206.0
208.0
208.0
206.0
208.0
210.0
211.0
210.0
209.0
210.0
210.0
210.0
215.0
221.0
224.0
224.0
225.0
213.0
212.0
201.0
199.0
198.0
200.0
200.0
203.0
222.0
229.0
303.0
397.0
245.0
181.0
138.0
163.0
173.0
175.0
180.0
183.0
186.0
190.0
193.0
197.0
203.0
206.0
208.0
210.0
214.0
223.0
227.0
234.0
239.0
242.0
241.0
238.0
234.0
223.0
213.0
202.0
193.0
188.0
185.0
185.0
189.0
188.0
189.0
194.0
195.0
198.0
200.0
201.0
201.0
204.0
203.0
204.0
207.0
206.0
204.0
205.0
205.0
203.0
208.0
207.0
208.0
208.0
210.0
206.0
207.0
208.0
208.0
210.0
207.0
209.0
210.0
210.0
209.0
211.0
210.0
217.0
225.0
220.0
228.0
222.0
211.0
204.0
201.0
198.0
200.0
202.0
205.0
209.0
218.0
252.0
347.0
361.0
228.0
171.0
153.0
176.0
179.0
185.0
187.0
190.0
194.0
198.0
202.0
206.0
209.0
213.0
215.0
216.0
222.0
227.0
232.0
235.0
236.0
239.0
237.0
232.0
226.0
218.0
208.0
198.0
192.0
187.0
189.0
190.0
190.0
192.0
195.0
197.0
200.0
203.0
203.0
205.0
207.0
206.0
207.0
206.0
208.0
207.0
206.0
207.0
206.0
206.0
207.0
206.0
208.0
208.0
208.0
208.0
209.0
207.0
208.0
209.0
219.0
225.0
223.0
228.0
224.0
212.0
208.0
200.0
197.0
196.0
200.0
200.0
202.0
221.0
233.0
313.0
408.0
245.0
183.0
141.0
167.0
173.0
177.0
184.0
186.0
189.0
195.0
196.0
200.0
204.0
206.0
210.0
212.0
216.0
223.0
231.0
237.0
241.0
240.0
239.0
233.0
226.0
217.0
206.0
199.0
192.0
190.0
187.0
190.0
191.0
192.0
194.0
198.0
198.0
200.0
201.0
201.0
204.0
202.0
203.0
203.0
203.0
203.0
204.0
203.0
204.0
208.0
206.0
206.0
209.0
209.0
211.0
210.0
210.0
211.0
211.0
212.0
212.0
210.0
211.0
211.0
211.0
211.0
210.0
211.0
209.0
210.0
217.0
223.0
222.0
227.0
227.0
217.0
212.0
204.0
199.0
201.0
202.0
206.0
209.0
225.0
235.0
312.0
402.0
242.0
179.0
142.0
167.0
175.0
177.0
181.0
187.0
190.0
196.0
198.0
201.0
204.0
207.0
210.0
214.0
218.0
224.0
230.0
234.0
239.0
238.0
239.0
235.0
229.0
220.0
212.0
200.0
192.0
186.0
185.0
186.0
188.0
189.0
193.0
197.0
198.0
199.0
199.0
201.0
201.0
204.0
204.0
204.0
203.0
203.0
203.0
204.0
202.0
203.0
204.0
205.0
205.0
206.0
207.0
206.0
206.0
206.0
207.0
207.0
207.0
208.0
207.0
206.0
209.0
215.0
222.0
223.0
227.0
225.0
213.0
208.0
202.0
199.0
200.0
201.0
203.0
206.0
222.0
233.0
310.0
404.0
246.0
188.0
147.0
167.0
178.0
181.0
185.0
190.0
193.0
198.0
201.0
204.0
209.0
209.0
212.0
215.0
219.0
223.0
229.0
236.0
239.0
242.0
240.0
237.0
227.0
220.0
210.0
200.0
192.0
188.0
185.0
188.0
190.0
192.0
194.0
195.0
194.0
198.0
200.0
203.0
205.0
205.0
205.0
205.0
205.0
206.0
204.0
208.0
205.0
205.0
205.0
205.0
204.0
207.0
206.0
206.0
207.0
208.0
208.0
208.0
208.0
209.0
210.0
205.0
205.0
207.0
206.0
208.0
211.0
218.0
222.0
220.0
232.0
220.0
211.0
205.0
200.0
198.0
199.0
203.0
203.0
209.0
219.0
256.0
345.0
370.0
224.0
168.0
150.0
172.0
174.0
180.0
184.0
190.0
194.0
199.0
202.0
205.0
206.0
209.0
216.0
218.0
221.0
228.0
235.0
239.0
243.0
245.0
241.0
235.0
229.0
218.0
207.0
200.0
193.0
189.0
186.0
186.0
189.0
191.0
192.0
194.0
197.0
199.0
202.0
200.0
202.0
205.0
204.0
202.0
205.0
204.0
206.0
206.0
207.0
206.0
208.0
206.0
208.0
206.0
207.0
206.0
206.0
208.0
210.0
206.0
207.0
208.0
208.0
207.0
209.0
207.0
209.0
210.0
210.0
210.0
212.0
210.0
211.0
210.0
213.0
212.0
214.0
211.0
214.0
210.0
210.0
209.0
209.0
210.0
214.0
218.0
226.0
223.0
228.0
216.0
214.0
