181.0
186.0
192.0
201.0
193.0
201.0
200.0
213.0
214.0
223.0
221.0
226.0
219.0
229.0
232.0
243.0
236.0
241.0
237.0
243.0
239.0
246.0
240.0
249.0
241.0
244.0
234.0
233.0
221.0
223.0
216.0
222.0
217.0
224.0
217.0
221.0
215.0
221.0
212.0
218.0
208.0
210.0
201.0
202.0
195.0
198.0
198.0
205.0
196.0
201.0
195.0
198.0
191.0
192.0
185.0
182.0
174.0
173.0
166.0
167.0
168.0
176.0
173.0
183.0
183.0
187.0
186.0
188.0
185.0
191.0
189.0
191.0
181.0
198.0
244.0
313.0
249.0
189.0
190.0
156.0
157.0
175.0
188.0
192.0
193.0
202.0
202.0
205.0
207.0
205.0
203.0
200.0
197.0
190.0
186.0
178.0
178.0
190.0
200.0
206.0
215.0
221.0
226.0
230.0
231.0
226.0
224.0
218.0
215.0
210.0
211.0
207.0
208.0
206.0
210.0
210.0
210.0
213.0
218.0
216.0
218.0
213.0
216.0
209.0
210.0
208.0
213.0
213.0
216.0
212.0
214.0
215.0
218.0
215.0
214.0
214.0
211.0
206.0
208.0
203.0
209.0
207.0
211.0
212.0
217.0
210.0
215.0
212.0
217.0
216.0
218.0
215.0
220.0
213.0
219.0
210.0
208.0
236.0
316.0
283.0
207.0
189.0
169.0
161.0
181.0
196.0
201.0
197.0
202.0
199.0
204.0
201.0
205.0
199.0
205.0
202.0
210.0
206.0
211.0
210.0
219.0
222.0
229.0
220.0
223.0
216.0
219.0
209.0
212.0
203.0
209.0
199.0
204.0
196.0
206.0
200.0
212.0
210.0
215.0
210.0
216.0
209.0
213.0
209.0
217.0
211.0
216.0
214.0
220.0
209.0
210.0
205.0
211.0
207.0
213.0
213.0
219.0
215.0
222.0
221.0
229.0
222.0
226.0
223.0
226.0
223.0
229.0
225.0
229.0
223.0
229.0
222.0
226.0
221.0
228.0
220.0
220.0
216.0
218.0
216.0
220.0
219.0
223.0
223.0
227.0
231.0
223.0
228.0
281.0
359.0
302.0
216.0
225.0
179.0
177.0
184.0
196.0
194.0
195.0
194.0
197.0
195.0
194.0
192.0
192.0
188.0
192.0
185.0
184.0
177.0
177.0
179.0
186.0
187.0
198.0
199.0
202.0
199.0
195.0
193.0
187.0
181.0
180.0
180.0
183.0
186.0
191.0
195.0
195.0
200.0
202.0
207.0
208.0
209.0
206.0
205.0
204.0
200.0
199.0
202.0
204.0
210.0
209.0
211.0
212.0
216.0
212.0
218.0
214.0
216.0
212.0
214.0
208.0
210.0
208.0
212.0
211.0
215.0
211.0
216.0
213.0
218.0
214.0
217.0
208.0
214.0
208.0
215.0
213.0
217.0
209.0
215.0
207.0
212.0
207.0
210.0
204.0
210.0
208.0
214.0
199.0
218.0
259.0
328.0
263.0
206.0
194.0
170.0
168.0
187.0
193.0
198.0
194.0
204.0
199.0
209.0
206.0
218.0
207.0
211.0
198.0
199.0
190.0
198.0
192.0
201.0
193.0
206.0
205.0
212.0
213.0
221.0
217.0
226.0
218.0
220.0
212.0
216.0
212.0
221.0
215.0
222.0
216.0
222.0
211.0
213.0
199.0
212.0
215.0
221.0
214.0
219.0
214.0
221.0
217.0
222.0
213.0
217.0
210.0
216.0
213.0
219.0
211.0
215.0
210.0
213.0
207.0
206.0
202.0
204.0
197.0
205.0
199.0
206.0
202.0
210.0
208.0
214.0
211.0
218.0
215.0
218.0
217.0
221.0
222.0
229.0
231.0
231.0
225.0
224.0
214.0
208.0
190.0
191.0
197.0
205.0
212.0
215.0
205.0
212.0
208.0
200.0
195.0
187.0
194.0
203.0
218.0
225.0
229.0
231.0
230.0
225.0
213.0
209.0
212.0
248.0
335.0
294.0
230.0
212.0
180.0
181.0
200.0
212.0
211.0
209.0
211.0
207.0
204.0
201.0
204.0
198.0
204.0
197.0
203.0
206.0
214.0
220.0
228.0
222.0
216.0
208.0
208.0
202.0
208.0
206.0
212.0
209.0
215.0
211.0
211.0
202.0
202.0
199.0
200.0
196.0
206.0
201.0
204.0
197.0
200.0
192.0
197.0
191.0
197.0
188.0
196.0
190.0
196.0
192.0
199.0
195.0
205.0
203.0
212.0
209.0
220.0
211.0
219.0
210.0
217.0
206.0
211.0
207.0
215.0
208.0
215.0
206.0
209.0
194.0
194.0
178.0
185.0
186.0
208.0
212.0
233.0
236.0
258.0
248.0
245.0
234.0
250.0
294.0
314.0
308.0
312.0
271.0
240.0
184.0
197.0
188.0
166.0
161.0
219.0
294.0
244.0
174.0
202.0
165.0
175.0
179.0
204.0
194.0
205.0
197.0
204.0
196.0
209.0
202.0
210.0
204.0
216.0
202.0
200.0
187.0
193.0
190.0
204.0
199.0
210.0
206.0
217.0
210.0
217.0
211.0
211.0
200.0
199.0
189.0
202.0
203.0
211.0
205.0
205.0
193.0
200.0
196.0
204.0
203.0
208.0
206.0
206.0
198.0
200.0
205.0
223.0
223.0
225.0
218.0
218.0
215.0
210.0
199.0
196.0
194.0
191.0
186.0
190.0
194.0
196.0
197.0
195.0
197.0
203.0
208.0
215.0
222.0
226.0
222.0
219.0
211.0
211.0
202.0
201.0
199.0
200.0
199.0
192.0
187.0
182.0
184.0
178.0
173.0
184.0
236.0
313.0
257.0
188.0
195.0
154.0
157.0
166.0
185.0
183.0
188.0
191.0
202.0
201.0
201.0
197.0
198.0
188.0
194.0
185.0
186.0
177.0
185.0
187.0
202.0
205.0
216.0
218.0
227.0
225.0
234.0
227.0
230.0
216.0
222.0
209.0
214.0
206.0
215.0
211.0
215.0
208.0
216.0
211.0
222.0
215.0
224.0
218.0
228.0
215.0
219.0
210.0
219.0
211.0
224.0
215.0
221.0
211.0
220.0
216.0
222.0
215.0
222.0
210.0
213.0
207.0
211.0
204.0
214.0
207.0
222.0
214.0
224.0
218.0
226.0
218.0
224.0
216.0
223.0
212.0
219.0
211.0
219.0
209.0
220.0
212.0
222.0
213.0
219.0
206.0
210.0
204.0
210.0
197.0
206.0
195.0
203.0
196.0
207.0
200.0
211.0
203.0
212.0
199.0
230.0
281.0
318.0
237.0
208.0
176.0
175.0
177.0
204.0
201.0
209.0
207.0
217.0
210.0
217.0
207.0
206.0
196.0
199.0
191.0
191.0
189.0
191.0
191.0
204.0
204.0
215.0
212.0
219.0
215.0
223.0
218.0
227.0
227.0
227.0
220.0
222.0
220.0
223.0
212.0
212.0
207.0
207.0
204.0
203.0
202.0
203.0
198.0
199.0
195.0
196.0
193.0
190.0
190.0
191.0
192.0
197.0
198.0
200.0
202.0
208.0
211.0
213.0
214.0
209.0
210.0
209.0
209.0
212.0
211.0
211.0
210.0
211.0
214.0
212.0
215.0
214.0
219.0
213.0
216.0
214.0
217.0
217.0
217.0
214.0
216.0
214.0
213.0
209.0
210.0
203.0
208.0
202.0
209.0
210.0
219.0
215.0
222.0
216.0
221.0
217.0
222.0
211.0
211.0
232.0
296.0
309.0
234.0
203.0
181.0
161.0
176.0
187.0
202.0
200.0
210.0
209.0
218.0
217.0
230.0
222.0
228.0
219.0
233.0
225.0
231.0
219.0
229.0
219.0
228.0
218.0
226.0
220.0
228.0
219.0
221.0
211.0
216.0
208.0
218.0
209.0
224.0
216.0
225.0
210.0
218.0
204.0
210.0
199.0
209.0
205.0
215.0
202.0
208.0
192.0
197.0
187.0
200.0
188.0
193.0
179.0
193.0
184.0
196.0
187.0
195.0
185.0
194.0
182.0
190.0
181.0
197.0
188.0
199.0
190.0
197.0
186.0
196.0
190.0
199.0
190.0
198.0
190.0
194.0
184.0
194.0
186.0
196.0
190.0
203.0
195.0
209.0
201.0
205.0
198.0
204.0
189.0
199.0
234.0
328.0
278.0
208.0
194.0
167.0
158.0
178.0
192.0
204.0
200.0
208.0
206.0
215.0
209.0
213.0
202.0
206.0
197.0
203.0
198.0
198.0
191.0
201.0
202.0
212.0
215.0
221.0
222.0
226.0
227.0
229.0
227.0
225.0
219.0
218.0
217.0
217.0
216.0
219.0
218.0
220.0
216.0
218.0
221.0
220.0
220.0
219.0
221.0
220.0
220.0
217.0
219.0
220.0
219.0
218.0
217.0
211.0
212.0
211.0
215.0
209.0
211.0
206.0
206.0
197.0
198.0
195.0
197.0
192.0
199.0
196.0
203.0
203.0
211.0
204.0
212.0
208.0
212.0
208.0
215.0
209.0
216.0
213.0
216.0
209.0
212.0
206.0
211.0
204.0
212.0
208.0
216.0
208.0
221.0
211.0
219.0
214.0
222.0
218.0
228.0
219.0
232.0
221.0
229.0
218.0
221.0
229.0
283.0
315.0
255.0
195.0
180.0
160.0
176.0
186.0
199.0
191.0
199.0
192.0
199.0
190.0
201.0
189.0
199.0
192.0
206.0
195.0
206.0
198.0
210.0
199.0
212.0
201.0
211.0
202.0
215.0
205.0
217.0
206.0
214.0
198.0
208.0
200.0
209.0
202.0
214.0
210.0
222.0
217.0
226.0
216.0
224.0
211.0
220.0
210.0
218.0
204.0
217.0
211.0
218.0
206.0
212.0
203.0
214.0
204.0
211.0
206.0
220.0
215.0
229.0
222.0
232.0
220.0
228.0
221.0
230.0
219.0
226.0
219.0
224.0
213.0
218.0
212.0
216.0
207.0
211.0
203.0
212.0
204.0
210.0
200.0
205.0
200.0
203.0
192.0
200.0
188.0
192.0
184.0
192.0
185.0
192.0
189.0
191.0
172.0
189.0
223.0
293.0
217.0
150.0
148.0
113.0
119.0
141.0
154.0
172.0
176.0
183.0
186.0
190.0
194.0
196.0
197.0
200.0
202.0
200.0
190.0
172.0
159.0
141.0
118.0
110.0
93.0
92.0
94.0
100.0
123.0
122.0
132.0
139.0
136.0
137.0
141.0
141.0
151.0
152.0
154.0
153.0
153.0
151.0
166.0
167.0
162.0
146.0
143.0
127.0
148.0
166.0
190.0
195.0
198.0
196.0
198.0
193.0
206.0
214.0
237.0
255.0
293.0
317.0
352.0
369.0
389.0
384.0
379.0
348.0
318.0
256.0
203.0
128.0
53.0
1.0
0.0
0.0
0.0
0.0
0.0
0.0
0.0
0.0
59.0
103.0
155.0
205.0
310.0
350.0
303.0
281.0
274.0
238.0
265.0
280.0
287.0
274.0
286.0
298.0
325.0
330.0
340.0
337.0
339.0
314.0
313.0
298.0
296.0
284.0
294.0
288.0
294.0
284.0
285.0
274.0
266.0
232.0
202.0
163.0
155.0
146.0
159.0
168.0
185.0
174.0
195.0
203.0
222.0
232.0
257.0
271.0
294.0
294.0
305.0
304.0
313.0
308.0
318.0
308.0
314.0
305.0
310.0
297.0
303.0
286.0
284.0
269.0
268.0
259.0
265.0
256.0
258.0
237.0
231.0
219.0
218.0
210.0
213.0
199.0
195.0
176.0
174.0
162.0
169.0
161.0
159.0
156.0
173.0
179.0
194.0
205.0
227.0
229.0
249.0
250.0
253.0
246.0
256.0
259.0
264.0
270.0
331.0
383.0
336.0
245.0
226.0
196.0
208.0
216.0
232.0
232.0
240.0
238.0
239.0
239.0
245.0
242.0
242.0
241.0
249.0
238.0
237.0
228.0
233.0
232.0
230.0
232.0
235.0
239.0
245.0
246.0
242.0
238.0
234.0
230.0
226.0
224.0
223.0
226.0
229.0
227.0
229.0
231.0
230.0
226.0
218.0
216.0
212.0
219.0
219.0
213.0
207.0
200.0
198.0
201.0
196.0
194.0
190.0
196.0
196.0
194.0
189.0
189.0
180.0
181.0
185.0
189.0
182.0
178.0
175.0
173.0
170.0
169.0
167.0
174.0
182.0
187.0
189.0
199.0
205.0
215.0
225.0
243.0
251.0
263.0
276.0
288.0
285.0
281.0
274.0
266.0
251.0
244.0
225.0
216.0
196.0
178.0
148.0
134.0
145.0
208.0
189.0
97.0
77.0
43.0
41.0
73.0
109.0
127.0
140.0
165.0
174.0
187.0
189.0
196.0
201.0
195.0
178.0
176.0
173.0
178.0
182.0
200.0
211.0
228.0
236.0
251.0
249.0
259.0
252.0
258.0
255.0
254.0
246.0
247.0
241.0
245.0
237.0
239.0
231.0
243.0
239.0
253.0
256.0
269.0
269.0
280.0
279.0
279.0
275.0
276.0
270.0
272.0
263.0
259.0
244.0
238.0
230.0
234.0
228.0
234.0
228.0
229.0
216.0
215.0
205.0
210.0
206.0
212.0
206.0
203.0
193.0
200.0
196.0
200.0
195.0
200.0
196.0
203.0
203.0
211.0
211.0
213.0
204.0
207.0
206.0
203.0
198.0
204.0
194.0
193.0
181.0
176.0
158.0
161.0
188.0
246.0
172.0
84.0
64.0
21.0
21.0
34.0
44.0
55.0
57.0
64.0
64.0
70.0
68.0
77.0
78.0
75.0
76.0
114.0
125.0
145.0
161.0
170.0
178.0
194.0
195.0
201.0
204.0
217.0
229.0
238.0
249.0
252.0
253.0
250.0
246.0
249.0
254.0
273.0
287.0
302.0
302.0
311.0
310.0
313.0
314.0
312.0
313.0
302.0
293.0
274.0
251.0
209.0
187.0
210.0
227.0
244.0
260.0
265.0
273.0
273.0
274.0
270.0
266.0
269.0
273.0
276.0
278.0
277.0
272.0
268.0
265.0
257.0
256.0
257.0
252.0
248.0
254.0
250.0
250.0
244.0
246.0
245.0
243.0
242.0
233.0
233.0
269.0
349.0
328.0
231.0
208.0
154.0
150.0
160.0
180.0
173.0
178.0
179.0
184.0
183.0
199.0
211.0
220.0
219.0
216.0
208.0
204.0
195.0
198.0
199.0
213.0
215.0
223.0
221.0
230.0
232.0
240.0
238.0
240.0
237.0
241.0
234.0
236.0
230.0
235.0
231.0
234.0
226.0
228.0
220.0
213.0
199.0
192.0
173.0
172.0
167.0
167.0
161.0
163.0
154.0
148.0
137.0
155.0
164.0
182.0
189.0
197.0
199.0
205.0
201.0
204.0
203.0
205.0
191.0
179.0
157.0
143.0
116.0
101.0
84.0
89.0
98.0
123.0
147.0
174.0
185.0
195.0
205.0
222.0
221.0
226.0
238.0
248.0
253.0
255.0
251.0
249.0
243.0
252.0
245.0
238.0
249.0
302.0
347.0
273.0
219.0
201.0
168.0
177.0
194.0
205.0
205.0
210.0
209.0
218.0
225.0
229.0
230.0
227.0
227.0
227.0
221.0
211.0
201.0
202.0
208.0
218.0
227.0
234.0
240.0
243.0
242.0
236.0
216.0
209.0
199.0
200.0
201.0
208.0
216.0
219.0
225.0
228.0
230.0
232.0
236.0
239.0
243.0
245.0
253.0
247.0
245.0
240.0
241.0
236.0
239.0
239.0
242.0
239.0
243.0
240.0
247.0
244.0
246.0
241.0
243.0
234.0
237.0
234.0
238.0
236.0
241.0
233.0
240.0
231.0
232.0
226.0
228.0
219.0
222.0
213.0
219.0
213.0
215.0
209.0
214.0
209.0
213.0
197.0
214.0
257.0
346.0
273.0
205.0
207.0
169.0
164.0
187.0
195.0
201.0
197.0
208.0
198.0
204.0
194.0
196.0
183.0
185.0
173.0
180.0
170.0
176.0
168.0
176.0
172.0
182.0
178.0
192.0
189.0
207.0
201.0
209.0
196.0
200.0
194.0
201.0
193.0
199.0
192.0
200.0
193.0
201.0
195.0
206.0
200.0
211.0
204.0
214.0
205.0
214.0
203.0
212.0
204.0
213.0
213.0
223.0
215.0
225.0
221.0
229.0
221.0
228.0
217.0
221.0
205.0
210.0
204.0
211.0
206.0
215.0
210.0
217.0
212.0
221.0
216.0
223.0
212.0
225.0
220.0
228.0
214.0
221.0
209.0
213.0
208.0
213.0
208.0
214.0
212.0
214.0
204.0
227.0
278.0
324.0
243.0
205.0
179.0
162.0
163.0
183.0
188.0
192.0
191.0
197.0
197.0
196.0
186.0
175.0
160.0
157.0
157.0
166.0
167.0
169.0
175.0
183.0
188.0
197.0
197.0
203.0
208.0
213.0
219.0
220.0
217.0
214.0
209.0
207.0
205.0
201.0
201.0
201.0
203.0
202.0
211.0
211.0
214.0
212.0
210.0
208.0
210.0
203.0
205.0
203.0
205.0
198.0
204.0
196.0
204.0
201.0
210.0
210.0
221.0
220.0
228.0
226.0
233.0
229.0
235.0
227.0
231.0
226.0
233.0
225.0
230.0
223.0
225.0
219.0
222.0
211.0
215.0
210.0
220.0
211.0
219.0
211.0
217.0
210.0
218.0
209.0
217.0
208.0
219.0
216.0
213.0
210.0
262.0
343.0
322.0
222.0
226.0
177.0
180.0
179.0
202.0
194.0
203.0
192.0
205.0
190.0
199.0
185.0
186.0
177.0
180.0
163.0
168.0
153.0
160.0
152.0
169.0
169.0
189.0
188.0
198.0
194.0
204.0
192.0
195.0
180.0
183.0
172.0
183.0
175.0
191.0
186.0
201.0
193.0
204.0
198.0
211.0
203.0
214.0
205.0
208.0
190.0
193.0
183.0
192.0
185.0
201.0
207.0
225.0
219.0
232.0
216.0
215.0
204.0
212.0
205.0
213.0
206.0
215.0
210.0
217.0
209.0
215.0
213.0
225.0
214.0
219.0
210.0
214.0
207.0
216.0
210.0
218.0
210.0
221.0
217.0
223.0
209.0
214.0
201.0
203.0
194.0
197.0
191.0
195.0
189.0
185.0
175.0
190.0
234.0
304.0
235.0
178.0
170.0
140.0
136.0
160.0
168.0
170.0
168.0
172.0
171.0
173.0
169.0
166.0
159.0
156.0
137.0
130.0
119.0
110.0
110.0
126.0
144.0
165.0
178.0
186.0
194.0
203.0
211.0
208.0
205.0
202.0
204.0
202.0
201.0
204.0
207.0
204.0
204.0
206.0
207.0
206.0
221.0
228.0
238.0
241.0
247.0
246.0
249.0
245.0
252.0
252.0
258.0
253.0
254.0
252.0
257.0
247.0
254.0
245.0
250.0
239.0
240.0
235.0
239.0
233.0
238.0
235.0
239.0
236.0
243.0
238.0
246.0
237.0
247.0
239.0
242.0
234.0
238.0
232.0
235.0
230.0
239.0
231.0
236.0
230.0
234.0
228.0
230.0
218.0
221.0
213.0
215.0
206.0
213.0
207.0
214.0
210.0
206.0
207.0
251.0
332.0
303.0
215.0
213.0
169.0
179.0
186.0
211.0
208.0
218.0
211.0
220.0
215.0
225.0
222.0
229.0
223.0
232.0
226.0
236.0
229.0
235.0
225.0
230.0
219.0
220.0
212.0
220.0
218.0
229.0
228.0
238.0
229.0
235.0
226.0
239.0
232.0
243.0
234.0
244.0
237.0
244.0
234.0
239.0
227.0
229.0
220.0
223.0
208.0
208.0
195.0
203.0
192.0
202.0
189.0
196.0
189.0
197.0
187.0
195.0
186.0
191.0
183.0
188.0
179.0
183.0
173.0
179.0
169.0
176.0
170.0
181.0
177.0
183.0
176.0
183.0
179.0
188.0
181.0
191.0
181.0
185.0
175.0
181.0
177.0
181.0
178.0
180.0
168.0
189.0
236.0
296.0
211.0
151.0
135.0
101.0
91.0
105.0
116.0
123.0
127.0
143.0
142.0
146.0
147.0
144.0
139.0
149.0
151.0
163.0
170.0
176.0
184.0
196.0
205.0
216.0
219.0
216.0
217.0
219.0
218.0
214.0
213.0
214.0
209.0
197.0
187.0
176.0
173.0
166.0
158.0
155.0
163.0
171.0
180.0
187.0
198.0
193.0
192.0
180.0
175.0
172.0
181.0
185.0
199.0
200.0
205.0
199.0
206.0
215.0
221.0
226.0
234.0
233.0
245.0
242.0
246.0
239.0
244.0
238.0
241.0
242.0
249.0
251.0
265.0
256.0
259.0
255.0
257.0
248.0
256.0
249.0
256.0
251.0
265.0
266.0
267.0
257.0
260.0
248.0
253.0
241.0
245.0
232.0
235.0
222.0
229.0
222.0
230.0
212.0
238.0
278.0
336.0
266.0
220.0
200.0
186.0
189.0
216.0
218.0
229.0
221.0
230.0
224.0
230.0
221.0
224.0
215.0
218.0
212.0
214.0
204.0
212.0
205.0
216.0
212.0
220.0
212.0
221.0
213.0
222.0
217.0
229.0
222.0
232.0
223.0
234.0
228.0
238.0
230.0
241.0
230.0
234.0
222.0
230.0
218.0
226.0
220.0
228.0
220.0
230.0
225.0
233.0
227.0
231.0
228.0
240.0
224.0
223.0
212.0
217.0
213.0
223.0
215.0
226.0
221.0
226.0
220.0
227.0
223.0
226.0
219.0
222.0
213.0
220.0
217.0
223.0
218.0
225.0
219.0
224.0
221.0
222.0
218.0
222.0
219.0
223.0
219.0
219.0
215.0
221.0
218.0
221.0
212.0
214.0
212.0
210.0
208.0
210.0
205.0
208.0
208.0
205.0
204.0
202.0
200.0
205.0
198.0
200.0
198.0
199.0
197.0
188.0
200.0
246.0
318.0
254.0
194.0
181.0
154.0
159.0
175.0
188.0
186.0
191.0
190.0
190.0
191.0
190.0
184.0
178.0
184.0
186.0
197.0
202.0
202.0
204.0
202.0
200.0
196.0
192.0
192.0
189.0
191.0
197.0
205.0
213.0
225.0
223.0
228.0
227.0
231.0
236.0
239.0
238.0
242.0
240.0
236.0
224.0
226.0
218.0
216.0
212.0
214.0
210.0
209.0
205.0
204.0
199.0
197.0
190.0
198.0
201.0
211.0
211.0
224.0
220.0
228.0
225.0
232.0
229.0
233.0
227.0
234.0
224.0
226.0
214.0
216.0
205.0
206.0
202.0
204.0
201.0
212.0
209.0
221.0
223.0
229.0
217.0
227.0
221.0
226.0
223.0
228.0
219.0
224.0
215.0
211.0
202.0
241.0
306.0
312.0
209.0
207.0
164.0
158.0
160.0
186.0
190.0
208.0
212.0
228.0
223.0
239.0
233.0
234.0
225.0
239.0
233.0
242.0
231.0
232.0
214.0
206.0
193.0
193.0
181.0
188.0
181.0
199.0
207.0
227.0
225.0
235.0
226.0
232.0
220.0
227.0
226.0
232.0
225.0
223.0
199.0
190.0
171.0
174.0
159.0
155.0
134.0
121.0
109.0
107.0
80.0
85.0
68.0
69.0
59.0
65.0
55.0
50.0
29.0
24.0
13.0
44.0
45.0
45.0
31.0
25.0
8.0
0.0
0.0
0.0
0.0
0.0
0.0
0.0
1.0
39.0
68.0
93.0
119.0
160.0
180.0
204.0
227.0
250.0
286.0
363.0
475.0
421.0
365.0
406.0
386.0
407.0
433.0
454.0
457.0
452.0
447.0
440.0
439.0
435.0
420.0
397.0
381.0
364.0
357.0
339.0
322.0
309.0
307.0
298.0
300.0
290.0
281.0
261.0
247.0
214.0
193.0
148.0
115.0
75.0
64.0
48.0
60.0
55.0
67.0
56.0
58.0
45.0
54.0
38.0
29.0
1.0
0.0
0.0
0.0
0.0
0.0
0.0
0.0
0.0
0.0
0.0
0.0
0.0
12.0
26.0
48.0
58.0
86.0
96.0
118.0
123.0
151.0
156.0
179.0
184.0
214.0
232.0
255.0
263.0
295.0
292.0
302.0
292.0
297.0
276.0
277.0
262.0
261.0
248.0
250.0
230.0
229.0
208.0
221.0
261.0
283.0
185.0
165.0
130.0
140.0
151.0
200.0
210.0
225.0
233.0
270.0
287.0
315.0
325.0
350.0
347.0
355.0
317.0
304.0
267.0
270.0
261.0
275.0
278.0
302.0
306.0
333.0
333.0
348.0
338.0
347.0
328.0
333.0
314.0
320.0
305.0
312.0
297.0
292.0
271.0
271.0
248.0
254.0
248.0
264.0
260.0
277.0
273.0
278.0
261.0
267.0
263.0
275.0
266.0
273.0
269.0
280.0
275.0
284.0
274.0
281.0
268.0
270.0
256.0
256.0
244.0
248.0
241.0
251.0
245.0
253.0
252.0
258.0
256.0
262.0
259.0
268.0
264.0
264.0
258.0
261.0
253.0
255.0
252.0
256.0
254.0
257.0
248.0
248.0
241.0
242.0
238.0
242.0
238.0
243.0
243.0
248.0
240.0
252.0
294.0
375.0
324.0
246.0
230.0
207.0
209.0
220.0
236.0
235.0
236.0
241.0
242.0
245.0
250.0
246.0
244.0
241.0
237.0
231.0
228.0
219.0
214.0
209.0
211.0
213.0
217.0
219.0
227.0
225.0
234.0
231.0
235.0
231.0
235.0
228.0
230.0
222.0
224.0
218.0
219.0
210.0
217.0
211.0
219.0
215.0
220.0
214.0
223.0
216.0
221.0
212.0
217.0
212.0
222.0
219.0
228.0
216.0
224.0
218.0
227.0
216.0
227.0
217.0
225.0
213.0
220.0
210.0
215.0
210.0
217.0
206.0
216.0
205.0
214.0
205.0
215.0
207.0
215.0
205.0
209.0
198.0
204.0
191.0
201.0
192.0
199.0
190.0
204.0
198.0
208.0
200.0
210.0
201.0
212.0
204.0
211.0
198.0
232.0
281.0
319.0
235.0
205.0
167.0
165.0
165.0
190.0
186.0
198.0
190.0
201.0
192.0
205.0
192.0
204.0
189.0
201.0
192.0
203.0
193.0
202.0
192.0
204.0
193.0
210.0
198.0
210.0
202.0
212.0
202.0
211.0
199.0
207.0
195.0
204.0
196.0
206.0
199.0
205.0
199.0
209.0
201.0
208.0
200.0
208.0
201.0
206.0
200.0
207.0
198.0
206.0
199.0
205.0
200.0
207.0
200.0
207.0
199.0
207.0
202.0
208.0
201.0
204.0
194.0
193.0
185.0
182.0
174.0
174.0
158.0
166.0
165.0
174.0
167.0
171.0
165.0
176.0
176.0
185.0
183.0
191.0
189.0
201.0
201.0
201.0
192.0
227.0
290.0
301.0
206.0
186.0
152.0
146.0
149.0
175.0
186.0
186.0
187.0
188.0
186.0
190.0
188.0
186.0
185.0
188.0
194.0
197.0
204.0
200.0
201.0
205.0
204.0
205.0
215.0
218.0
224.0
223.0
226.0
231.0
233.0
230.0
234.0
229.0
235.0
227.0
228.0
228.0
236.0
229.0
231.0
226.0
229.0
225.0
229.0
223.0
228.0
224.0
229.0
220.0
223.0
207.0
204.0
190.0
192.0
187.0
196.0
195.0
207.0
203.0
220.0
221.0
232.0
222.0
222.0
216.0
229.0
224.0
231.0
223.0
225.0
213.0
213.0
198.0
202.0
189.0
200.0
190.0
197.0
218.0
290.0
304.0
219.0
185.0
167.0
145.0
166.0
183.0
210.0
216.0
238.0
233.0
244.0
231.0
237.0
219.0
227.0
216.0
227.0
208.0
212.0
189.0
194.0
179.0
187.0
179.0
199.0
203.0
232.0
240.0
266.0
269.0
286.0
278.0
289.0
275.0
281.0
265.0
270.0
257.0
263.0
250.0
254.0
237.0
240.0
222.0
226.0
210.0
209.0
194.0
200.0
187.0
192.0
183.0
190.0
179.0
192.0
185.0
196.0
184.0
190.0
171.0
160.0
135.0
136.0
120.0
125.0
119.0
134.0
123.0
134.0
121.0
128.0
115.0
116.0
107.0
114.0
103.0
104.0
90.0
89.0
67.0
88.0
137.0
183.0
94.0
58.0
37.0
9.0
22.0
60.0
84.0
91.0
97.0
120.0
139.0
160.0
167.0
176.0
170.0
165.0
147.0
144.0
140.0
146.0
158.0
187.0
210.0
234.0
253.0
273.0
281.0
282.0
273.0
268.0
254.0
250.0
245.0
242.0
231.0
226.0
216.0
202.0
191.0
189.0
190.0
201.0
210.0
222.0
228.0
232.0
229.0
226.0
222.0
219.0
224.0
225.0
223.0
220.0
212.0
206.0
212.0
204.0
208.0
204.0
202.0
198.0
206.0
209.0
221.0
223.0
233.0
238.0
250.0
251.0
258.0
258.0
269.0
264.0
262.0
255.0
254.0
253.0
257.0
251.0
254.0
248.0
248.0
240.0
244.0
235.0
245.0
236.0
244.0
233.0
236.0
247.0
297.0
337.0
273.0
204.0
191.0
168.0
184.0
199.0
218.0
216.0
227.0
223.0
235.0
229.0
239.0
229.0
238.0
228.0
235.0
223.0
216.0
200.0
205.0
196.0
209.0
209.0
223.0
228.0
241.0
236.0
252.0
242.0
250.0
237.0
245.0
240.0
247.0
234.0
243.0
234.0
245.0
237.0
247.0
239.0
250.0
238.0
251.0
241.0
253.0
238.0
240.0
228.0
237.0
226.0
239.0
231.0
241.0
231.0
237.0
226.0
236.0
223.0
234.0
222.0
230.0
219.0
229.0
220.0
230.0
223.0
231.0
223.0
234.0
227.0
236.0
223.0
231.0
221.0
231.0
221.0
229.0
220.0
228.0
216.0
225.0
215.0
221.0
211.0
222.0
214.0
222.0
215.0
224.0
215.0
223.0
216.0
223.0
218.0
223.0
214.0
219.0
213.0
220.0
210.0
216.0
209.0
216.0
212.0
218.0
210.0
213.0
233.0
296.0
314.0
244.0
196.0
176.0
164.0
179.0
194.0
201.0
197.0
201.0
200.0
203.0
199.0
201.0
193.0
198.0
195.0
196.0
192.0
193.0
192.0
197.0
197.0
204.0
201.0
204.0
204.0
205.0
200.0
197.0
190.0
185.0
180.0
180.0
178.0
179.0
181.0
182.0
180.0
181.0
181.0
180.0
180.0
178.0
174.0
172.0
175.0
175.0
179.0
175.0
179.0
180.0
183.0
180.0
185.0
182.0
184.0
182.0
188.0
188.0
194.0
194.0
200.0
197.0
202.0
199.0
205.0
199.0
204.0
196.0
203.0
199.0
210.0
205.0
212.0
207.0
212.0
203.0
208.0
204.0
214.0
211.0
222.0
215.0
217.0
208.0
217.0
210.0
211.0
206.0
213.0
209.0
216.0
209.0
209.0
208.0
262.0
340.0
306.0
215.0
226.0
173.0
181.0
184.0
208.0
204.0
218.0
212.0
222.0
220.0
237.0
230.0
239.0
232.0
244.0
239.0
249.0
232.0
233.0
215.0
213.0
199.0
208.0
199.0
213.0
208.0
225.0
226.0
239.0
234.0
243.0
225.0
232.0
219.0
226.0
216.0
228.0
222.0
230.0
220.0
227.0
217.0
225.0
215.0
222.0
206.0
209.0
200.0
210.0
202.0
216.0
210.0
223.0
219.0
234.0
224.0
241.0
234.0
249.0
240.0
252.0
243.0
252.0
241.0
246.0
234.0
239.0
230.0
239.0
235.0
244.0
235.0
246.0
237.0
245.0
236.0
243.0
232.0
239.0
232.0
238.0
225.0
220.0
229.0
290.0
337.0
265.0
197.0
199.0
154.0
164.0
174.0
190.0
183.0
188.0
186.0
192.0
185.0
192.0
185.0
188.0
182.0
185.0
175.0
175.0
163.0
165.0
162.0
174.0
179.0
188.0
189.0
196.0
191.0
191.0
182.0
178.0
169.0
164.0
160.0
161.0
157.0
160.0
161.0
162.0
164.0
168.0
176.0
182.0
184.0
187.0
182.0
181.0
175.0
173.0
173.0
173.0
176.0
182.0
182.0
185.0
189.0
187.0
187.0
182.0
181.0
173.0
169.0
164.0
168.0
167.0
168.0
168.0
170.0
168.0
174.0
171.0
175.0
172.0
179.0
177.0
182.0
174.0
180.0
174.0
177.0
170.0
176.0
170.0
175.0
166.0
170.0
164.0
175.0
160.0
180.0
227.0
311.0
248.0
193.0
189.0
164.0
160.0
187.0
194.0
198.0
190.0
197.0
193.0
203.0
194.0
196.0
184.0
186.0
166.0
163.0
146.0
155.0
158.0
182.0
196.0
224.0
225.0
244.0
243.0
254.0
247.0
251.0
231.0
231.0
215.0
219.0
207.0
212.0
201.0
210.0
200.0
213.0
204.0
217.0
218.0
239.0
232.0
241.0
229.0
233.0
215.0
217.0
205.0
219.0
214.0
231.0
225.0
236.0
227.0
235.0
223.0
230.0
219.0
226.0
213.0
223.0
215.0
227.0
220.0
233.0
228.0
240.0
234.0
245.0
235.0
244.0
235.0
241.0
232.0
241.0
230.0
241.0
234.0
242.0
234.0
242.0
230.0
239.0
228.0
237.0
228.0
237.0
228.0
236.0
229.0
238.0
227.0
235.0
226.0
233.0
226.0
231.0
225.0
234.0
228.0
236.0
228.0
236.0
230.0
238.0
231.0
234.0
224.0
234.0
227.0
231.0
223.0
229.0
221.0
230.0
223.0
232.0
224.0
230.0
221.0
222.0
236.0
289.0
332.0
275.0
204.0
183.0
169.0
182.0
197.0
208.0
205.0
211.0
208.0
212.0
209.0
208.0
203.0
202.0
199.0
203.0
194.0
198.0
196.0
203.0
205.0
211.0
211.0
216.0
215.0
218.0
217.0
220.0
218.0
215.0
209.0
205.0
203.0
207.0
212.0
210.0
211.0
207.0
210.0
208.0
211.0
209.0
207.0
203.0
204.0
202.0
205.0
200.0
201.0
195.0
196.0
195.0
199.0
198.0
202.0
201.0
206.0
206.0
210.0
209.0
213.0
208.0
212.0
208.0
213.0
213.0
217.0
214.0
221.0
215.0
220.0
214.0
221.0
218.0
226.0
219.0
228.0
222.0
223.0
217.0
222.0
213.0
221.0
212.0
217.0
214.0
223.0
218.0
226.0
219.0
221.0
214.0
218.0
207.0
215.0
205.0
213.0
204.0
210.0
201.0
208.0
200.0
207.0
187.0
206.0
245.0
342.0
275.0
207.0
198.0
169.0
156.0
179.0
187.0
201.0
198.0
212.0
209.0
224.0
219.0
233.0
223.0
235.0
226.0
233.0
222.0
228.0
218.0
225.0
217.0
230.0
219.0
229.0
221.0
232.0
221.0
225.0
210.0
215.0
198.0
205.0
192.0
201.0
189.0
200.0
194.0
203.0
191.0
203.0
196.0
210.0
201.0
207.0
196.0
200.0
188.0
198.0
194.0
206.0
199.0
208.0
197.0
204.0
191.0
201.0
191.0
196.0
185.0
189.0
176.0
182.0
174.0
180.0
173.0
186.0
184.0
193.0
186.0
195.0
189.0
196.0
190.0
198.0
191.0
195.0
194.0
207.0
196.0
206.0
198.0
206.0
196.0
203.0
198.0
205.0
199.0
206.0
191.0
205.0
242.0
332.0
274.0
204.0
193.0
164.0
158.0
178.0
191.0
199.0
196.0
201.0
201.0
206.0
207.0
209.0
204.0
203.0
202.0
200.0
191.0
188.0
182.0
187.0
193.0
204.0
210.0
215.0
219.0
225.0
226.0
229.0
228.0
225.0
219.0
216.0
214.0
213.0
212.0
212.0
211.0
209.0
209.0
208.0
210.0
211.0
216.0
218.0
218.0
215.0
214.0
212.0
213.0
209.0
213.0
208.0
215.0
213.0
216.0
214.0
217.0
216.0
222.0
215.0
219.0
215.0
219.0
215.0
219.0
216.0
221.0
217.0
222.0
216.0
220.0
215.0
219.0
214.0
222.0
215.0
224.0
217.0
224.0
223.0
229.0
225.0
226.0
218.0
225.0
216.0
219.0
210.0
216.0
207.0
213.0
206.0
212.0
203.0
207.0
193.0
196.0
214.0
278.0
296.0
225.0
181.0
160.0
141.0
157.0
168.0
181.0
172.0
182.0
178.0
187.0
183.0
196.0
193.0
202.0
198.0
207.0
206.0
215.0
209.0
221.0
212.0
221.0
213.0
217.0
206.0
216.0
211.0
217.0
211.0
218.0
204.0
213.0
201.0
210.0
200.0
210.0
202.0
213.0
201.0
211.0
200.0
206.0
196.0
204.0
201.0
209.0
200.0
206.0
197.0
204.0
197.0
208.0
202.0
214.0
203.0
215.0
209.0
224.0
220.0
229.0
221.0
235.0
227.0
237.0
229.0
238.0
231.0
237.0
229.0
239.0
233.0
240.0
232.0
235.0
227.0
237.0
225.0
233.0
228.0
234.0
223.0
228.0
221.0
225.0
217.0
218.0
211.0
213.0
205.0
207.0
190.0
218.0
270.0
317.0
230.0
198.0
178.0
158.0
158.0
175.0
177.0
182.0
178.0
185.0
186.0
192.0
192.0
190.0
182.0
183.0
177.0
174.0
169.0
169.0
164.0
175.0
184.0
196.0
201.0
208.0
211.0
212.0
209.0
205.0
194.0
189.0
185.0
183.0
183.0
182.0
181.0
184.0
183.0
185.0
188.0
192.0
198.0
204.0
207.0
209.0
206.0
199.0
197.0
193.0
196.0
196.0
199.0
199.0
201.0
203.0
205.0
207.0
210.0
209.0
209.0
208.0
212.0
212.0
214.0
213.0
216.0
211.0
216.0
213.0
216.0
215.0
219.0
217.0
222.0
218.0
218.0
213.0
215.0
214.0
218.0
212.0
218.0
219.0
221.0
214.0
220.0
213.0
216.0
211.0
214.0
207.0
214.0
210.0
214.0
208.0
211.0
203.0
203.0
227.0
295.0
310.0
240.0
202.0
181.0
170.0
190.0
204.0
217.0
216.0
223.0
217.0
221.0
215.0
218.0
209.0
213.0
209.0
212.0
203.0
203.0
195.0
205.0
203.0
214.0
212.0
225.0
219.0
225.0
219.0
228.0
220.0
225.0
214.0
220.0
207.0
214.0
208.0
214.0
209.0
216.0
208.0
215.0
209.0
217.0
212.0
221.0
214.0
222.0
213.0
221.0
212.0
222.0
213.0
225.0
216.0
224.0
214.0
223.0
217.0
224.0
218.0
227.0
220.0
229.0
219.0
225.0
218.0
227.0
220.0
225.0
215.0
225.0
213.0
219.0
212.0
218.0
211.0
220.0
212.0
218.0
211.0
219.0
213.0
219.0
213.0
219.0
210.0
217.0
210.0
217.0
210.0
217.0
214.0
218.0
209.0
213.0
201.0
206.0
197.0
204.0
195.0
204.0
198.0
202.0
200.0
205.0
193.0
201.0
235.0
320.0
285.0
213.0
194.0
159.0
152.0
166.0
179.0
184.0
181.0
189.0
187.0
195.0
195.0
200.0
194.0
200.0
201.0
208.0
211.0
217.0
214.0
215.0
212.0
218.0
211.0
214.0
212.0
214.0
212.0
220.0
219.0
222.0
216.0
215.0
211.0
211.0
211.0
215.0
216.0
219.0
221.0
223.0
219.0
219.0
214.0
209.0
209.0
208.0
203.0
198.0
196.0
196.0
200.0
200.0
204.0
204.0
208.0
209.0
213.0
218.0
221.0
220.0
222.0
220.0
221.0
219.0
222.0
220.0
221.0
218.0
220.0
215.0
216.0
210.0
215.0
216.0
222.0
219.0
224.0
215.0
215.0
211.0
209.0
206.0
210.0
205.0
212.0
209.0
216.0
213.0
218.0
214.0
215.0
203.0
243.0
307.0
332.0
231.0
214.0
180.0
172.0
173.0
199.0
202.0
208.0
205.0
213.0
210.0
219.0
214.0
218.0
208.0
215.0
205.0
211.0
205.0
211.0
205.0
212.0
204.0
210.0
205.0
216.0
213.0
221.0
214.0
220.0
210.0
216.0
204.0
208.0
200.0
211.0
203.0
209.0
204.0
210.0
204.0
213.0
205.0
214.0
207.0
213.0
204.0
209.0
201.0
206.0
200.0
209.0
202.0
209.0
199.0
210.0
202.0
208.0
204.0
208.0
195.0
201.0
189.0
196.0
189.0
199.0
192.0
201.0
195.0
204.0
195.0
204.0
199.0
207.0
202.0
213.0
203.0
208.0
203.0
210.0
201.0
208.0
200.0
206.0
196.0
203.0
192.0
197.0
224.0
307.0
300.0
217.0
194.0
162.0
146.0
161.0
174.0
186.0
183.0
191.0
187.0
197.0
194.0
199.0
191.0
192.0
185.0
190.0
179.0
178.0
174.0
182.0
186.0
199.0
202.0
213.0
213.0
219.0
217.0
216.0
203.0
198.0
185.0
182.0
176.0
181.0
182.0
187.0
184.0
191.0
189.0
193.0
199.0
204.0
210.0
217.0
216.0
216.0
209.0
205.0
198.0
199.0
200.0
204.0
207.0
210.0
208.0
209.0
207.0
206.0
203.0
202.0
199.0
200.0
198.0
199.0
201.0
201.0
205.0
204.0
209.0
211.0
215.0
213.0
216.0
216.0
219.0
217.0
220.0
216.0
219.0
218.0
223.0
220.0
226.0
221.0
225.0
225.0
223.0
222.0
223.0
215.0
219.0
214.0
219.0
214.0
219.0
212.0
209.0
220.0
273.0
334.0
279.0
205.0
195.0
167.0
176.0
184.0
202.0
201.0
212.0
209.0
218.0
213.0
217.0
208.0
212.0
203.0
206.0
190.0
189.0
179.0
189.0
190.0
203.0
202.0
212.0
208.0
214.0
211.0
222.0
215.0
220.0
211.0
216.0
207.0
216.0
209.0
218.0
208.0
218.0
207.0
216.0
210.0
219.0
214.0
225.0
219.0
228.0
220.0
225.0
216.0
224.0
217.0
224.0
220.0
228.0
217.0
226.0
218.0
228.0
219.0
226.0
220.0
225.0
216.0
224.0
213.0
220.0
213.0
218.0
212.0
220.0
213.0
220.0
211.0
218.0
211.0
215.0
206.0
210.0
205.0
209.0
198.0
205.0
199.0
203.0
193.0
199.0
190.0
200.0
195.0
201.0
191.0
223.0
274.0
321.0
239.0
208.0
176.0
165.0
164.0
190.0
193.0
200.0
198.0
205.0
202.0
209.0
205.0
211.0
205.0
214.0
210.0
215.0
214.0
222.0
215.0
220.0
215.0
219.0
215.0
221.0
217.0
224.0
221.0
224.0
217.0
216.0
205.0
206.0
203.0
205.0
202.0
206.0
202.0
207.0
204.0
209.0
206.0
211.0
207.0
211.0
208.0
210.0
208.0
212.0
211.0
211.0
208.0
209.0
210.0
214.0
218.0
222.0
222.0
227.0
225.0
226.0
226.0
227.0
223.0
225.0
227.0
229.0
227.0
228.0
226.0
223.0
219.0
216.0
215.0
215.0
214.0
214.0
216.0
214.0
216.0
213.0
213.0
198.0
203.0
242.0
328.0
287.0
203.0
195.0
155.0
145.0
154.0
166.0
175.0
170.0
176.0
181.0
187.0
188.0
195.0
193.0
194.0
187.0
189.0
178.0
176.0
173.0
183.0
185.0
199.0
204.0
215.0
215.0
222.0
221.0
224.0
211.0
208.0
198.0
196.0
199.0
209.0
206.0
214.0
211.0
217.0
212.0
218.0
211.0
213.0
208.0
213.0
197.0
192.0
185.0
201.0
204.0
217.0
212.0
215.0
206.0
214.0
206.0
212.0
204.0
204.0
193.0
200.0
196.0
207.0
203.0
211.0
204.0
210.0
201.0
204.0
200.0
208.0
199.0
211.0
203.0
209.0
201.0
210.0
204.0
211.0
203.0
213.0
208.0
216.0
209.0
214.0
201.0
238.0
300.0
318.0
227.0
207.0
167.0
172.0
172.0
197.0
193.0
207.0
204.0
214.0
209.0
218.0
209.0
218.0
208.0
214.0
204.0
209.0
201.0
205.0
200.0
209.0
207.0
218.0
214.0
224.0
223.0
231.0
223.0
227.0
218.0
227.0
214.0
220.0
215.0
222.0
216.0
224.0
220.0
227.0
223.0
228.0
224.0
229.0
224.0
229.0
219.0
220.0
212.0
216.0
210.0
214.0
207.0
214.0
213.0
221.0
207.0
213.0
213.0
223.0
218.0
221.0
212.0
214.0
211.0
216.0
211.0
214.0
212.0
211.0
207.0
208.0
207.0
213.0
206.0
210.0
208.0
210.0
208.0
209.0
209.0
212.0
210.0
213.0
206.0
211.0
245.0
327.0
308.0
222.0
211.0
173.0
168.0
179.0
194.0
200.0
200.0
203.0
202.0
201.0
201.0
205.0
206.0
208.0
212.0
215.0
219.0
218.0
221.0
222.0
219.0
218.0
220.0
219.0
219.0
216.0
220.0
225.0
228.0
225.0
224.0
218.0
219.0
214.0
216.0
217.0
221.0
220.0
225.0
221.0
226.0
220.0
223.0
222.0
221.0
215.0
215.0
211.0
211.0
210.0
210.0
204.0
206.0
203.0
209.0
207.0
211.0
208.0
208.0
204.0
205.0
198.0
200.0
197.0
198.0
197.0
201.0
198.0
202.0
197.0
207.0
199.0
207.0
204.0
206.0
198.0
205.0
198.0
202.0
198.0
201.0
197.0
204.0
194.0
199.0
188.0
211.0
256.0
315.0
238.0
190.0
169.0
150.0
152.0
176.0
182.0
186.0
180.0
188.0
187.0
194.0
187.0
196.0
190.0
198.0
191.0
194.0
184.0
189.0
182.0
194.0
194.0
205.0
207.0
216.0
213.0
226.0
223.0
227.0
215.0
218.0
206.0
208.0
202.0
208.0
200.0
211.0
216.0
223.0
212.0
219.0
218.0
230.0
229.0
236.0
222.0
222.0
210.0
214.0
208.0
211.0
209.0
221.0
223.0
233.0
228.0
228.0
215.0
215.0
206.0
211.0
205.0
208.0
207.0
215.0
211.0
216.0
212.0
216.0
209.0
213.0
209.0
213.0
211.0
216.0
216.0
222.0
212.0
213.0
210.0
212.0
206.0
209.0
206.0
211.0
208.0
211.0
205.0
206.0
202.0
210.0
206.0
216.0
213.0
218.0
215.0
213.0
207.0
206.0
196.0
212.0
257.0
328.0
265.0
199.0
182.0
159.0
162.0
183.0
192.0
198.0
203.0
209.0
212.0
213.0
211.0
206.0
204.0
199.0
191.0
190.0
188.0
190.0
190.0
195.0
199.0
200.0
203.0
202.0
205.0
207.0
211.0
209.0
210.0
206.0
205.0
201.0
204.0
202.0
208.0
205.0
205.0
206.0
207.0
205.0
212.0
209.0
213.0
211.0
215.0
212.0
211.0
206.0
208.0
208.0
214.0
207.0
210.0
206.0
210.0
208.0
213.0
209.0
218.0
215.0
218.0
213.0
218.0
213.0
216.0
208.0
215.0
211.0
214.0
208.0
212.0
207.0
214.0
209.0
216.0
211.0
221.0
214.0
219.0
215.0
221.0
213.0
218.0
207.0
210.0
200.0
206.0
197.0
207.0
196.0
209.0
202.0
205.0
196.0
202.0
194.0
205.0
197.0
207.0
194.0
206.0
199.0
206.0
202.0
208.0
200.0
210.0
202.0
212.0
196.0
214.0
248.0
327.0
256.0
199.0
180.0
166.0
158.0
182.0
191.0
200.0
196.0
207.0
203.0
217.0
210.0
221.0
213.0
225.0
219.0
228.0
222.0
231.0
220.0
228.0
217.0
225.0
219.0
224.0
218.0
227.0
224.0
236.0
228.0
232.0
220.0
221.0
210.0
216.0
211.0
219.0
214.0
222.0
217.0
221.0
212.0
219.0
211.0
215.0
207.0
213.0
207.0
212.0
207.0
213.0
210.0
216.0
211.0
218.0
212.0
218.0
214.0
219.0
210.0
215.0
207.0
211.0
204.0
208.0
204.0
208.0
204.0
209.0
205.0
205.0
197.0
204.0
202.0
203.0
201.0
202.0
203.0
206.0
205.0
208.0
201.0
200.0
197.0
203.0
208.0
208.0
209.0
213.0
211.0
214.0
209.0
202.0
215.0
266.0
326.0
259.0
198.0
191.0
160.0
160.0
176.0
189.0
189.0
192.0
194.0
195.0
198.0
197.0
198.0
196.0
199.0
194.0
196.0
191.0
188.0
186.0
193.0
198.0
208.0
208.0
217.0
213.0
222.0
215.0
220.0
212.0
212.0
202.0
203.0
198.0
202.0
197.0
202.0
200.0
204.0
200.0
205.0
200.0
210.0
208.0
217.0
210.0
213.0
202.0
207.0
201.0
210.0
206.0
215.0
208.0
216.0
208.0
214.0
210.0
218.0
208.0
216.0
207.0
213.0
205.0
214.0
205.0
213.0
202.0
208.0
202.0
212.0
203.0
210.0
203.0
212.0
203.0
210.0
202.0
210.0
202.0
211.0
204.0
211.0
202.0
212.0
203.0
212.0
205.0
213.0
206.0
215.0
205.0
210.0
199.0
211.0
203.0
212.0
203.0
214.0
206.0
217.0
209.0
210.0
223.0
280.0
320.0
262.0
199.0
183.0
160.0
177.0
186.0
204.0
198.0
210.0
204.0
213.0
206.0
213.0
205.0
209.0
200.0
205.0
198.0
201.0
192.0
200.0
194.0
207.0
203.0
211.0
204.0
216.0
216.0
226.0
217.0
221.0
212.0
215.0
204.0
212.0
205.0
213.0
205.0
212.0
208.0
218.0
214.0
219.0
215.0
221.0
215.0
219.0
214.0
215.0
207.0
216.0
215.0
224.0
218.0
221.0
217.0
219.0
218.0
221.0
215.0
216.0
212.0
213.0
210.0
216.0
212.0
217.0
213.0
218.0
217.0
220.0
220.0
223.0
218.0
219.0
215.0
215.0
213.0
213.0
211.0
212.0
211.0
213.0
211.0
211.0
208.0
205.0
203.0
204.0
207.0
205.0
209.0
210.0
210.0
209.0
213.0
211.0
210.0
212.0
209.0
209.0
210.0
207.0
209.0
207.0
211.0
210.0
214.0
209.0
203.0
197.0
236.0
312.0
298.0
214.0
199.0
160.0
159.0
165.0
189.0
191.0
196.0
192.0
199.0
196.0
205.0
203.0
211.0
206.0
212.0
210.0
217.0
216.0
220.0
213.0
219.0
212.0
222.0
218.0
225.0
220.0
228.0
222.0
230.0
218.0
225.0
215.0
219.0
211.0
218.0
212.0
219.0
211.0
221.0
215.0
220.0
213.0
219.0
210.0
218.0
209.0
213.0
203.0
209.0
202.0
211.0
204.0
211.0
206.0
213.0
206.0
213.0
210.0
213.0
206.0
210.0
200.0
205.0
199.0
205.0
194.0
202.0
196.0
203.0
199.0
206.0
197.0
208.0
199.0
207.0
199.0
208.0
201.0
211.0
203.0
211.0
204.0
213.0
204.0
215.0
208.0
212.0
206.0
209.0
199.0
207.0
198.0
207.0
197.0
196.0
209.0
269.0
313.0
250.0
188.0
180.0
150.0
164.0
175.0
190.0
186.0
196.0
193.0
204.0
200.0
208.0
199.0
203.0
196.0
198.0
188.0
190.0
182.0
188.0
188.0
201.0
204.0
214.0
212.0
221.0
220.0
228.0
225.0
227.0
217.0
219.0
212.0
215.0
212.0
216.0
210.0
214.0
210.0
213.0
208.0
214.0
211.0
217.0
214.0
219.0
214.0
216.0
212.0
212.0
210.0
214.0
213.0
215.0
211.0
212.0
211.0
214.0
210.0
212.0
210.0
209.0
207.0
208.0
212.0
214.0
213.0
214.0
215.0
215.0
217.0
215.0
215.0
213.0
215.0
211.0
212.0
211.0
213.0
211.0
212.0
209.0
212.0
208.0
210.0
209.0
209.0
208.0
214.0
209.0
212.0
209.0
208.0
205.0
212.0
205.0
211.0
205.0
210.0
207.0
210.0
206.0
212.0
208.0
212.0
197.0
213.0
255.0
337.0
272.0
213.0
195.0
174.0
169.0
190.0
195.0
202.0
197.0
204.0
202.0
208.0
204.0
207.0
201.0
206.0
196.0
202.0
189.0
196.0
193.0
204.0
204.0
212.0
206.0
212.0
204.0
212.0
208.0
214.0
206.0
209.0
199.0
204.0
200.0
206.0
206.0
214.0
209.0
217.0
209.0
217.0
211.0
216.0
206.0
209.0
200.0
202.0
195.0
201.0
197.0
202.0
198.0
205.0
200.0
207.0
202.0
211.0
206.0
214.0
206.0
214.0
215.0
221.0
217.0
221.0
209.0
218.0
212.0
218.0
208.0
212.0
203.0
209.0
202.0
209.0
203.0
209.0
203.0
210.0
204.0
213.0
203.0
210.0
203.0
209.0
200.0
206.0
201.0
205.0
203.0
215.0
207.0
214.0
204.0
212.0
208.0
217.0
212.0
213.0
205.0
212.0
195.0
209.0
253.0
341.0
274.0
208.0
204.0
169.0
165.0
184.0
195.0
206.0
204.0
213.0
209.0
214.0
210.0
216.0
209.0
212.0
208.0
210.0
204.0
206.0
209.0
214.0
212.0
211.0
210.0
215.0
216.0
224.0
223.0
225.0
219.0
216.0
207.0
204.0
196.0
196.0
197.0
201.0
203.0
205.0
209.0
211.0
212.0
212.0
217.0
216.0
213.0
208.0
210.0
207.0
207.0
209.0
212.0
209.0
211.0
209.0
211.0
211.0
211.0
209.0
209.0
207.0
208.0
205.0
210.0
210.0
213.0
209.0
213.0
210.0
213.0
209.0
214.0
209.0
215.0
210.0
214.0
207.0
211.0
209.0
213.0
208.0
216.0
214.0
215.0
210.0
216.0
214.0
223.0
228.0
235.0
214.0
217.0
211.0
209.0
218.0
274.0
328.0
266.0
196.0
193.0
162.0
171.0
181.0
200.0
196.0
207.0
202.0
213.0
204.0
212.0
203.0
208.0
197.0
205.0
196.0
201.0
190.0
196.0
192.0
200.0
197.0
207.0
200.0
212.0
207.0
219.0
213.0
217.0
208.0
213.0
202.0
210.0
202.0
209.0
201.0
209.0
202.0
208.0
204.0
215.0
208.0
219.0
210.0
219.0
210.0
218.0
211.0
218.0
209.0
220.0
210.0
218.0
208.0
217.0
209.0
217.0
208.0
219.0
213.0
219.0
213.0
218.0
207.0
211.0
202.0
207.0
195.0
199.0
190.0
197.0
191.0
198.0
190.0
197.0
192.0
202.0
200.0
209.0
205.0
216.0
210.0
214.0
209.0
214.0
207.0
219.0
212.0
214.0
207.0
214.0
208.0
209.0
202.0
206.0
196.0
225.0
276.0
320.0
236.0
194.0
166.0
154.0
156.0
177.0
178.0
182.0
179.0
182.0
177.0
184.0
189.0
199.0
198.0
203.0
204.0
206.0
205.0
208.0
202.0
205.0
208.0
209.0
208.0
213.0
211.0
212.0
214.0
217.0
214.0
208.0
202.0
194.0
196.0
187.0
184.0
184.0
178.0
170.0
170.0
172.0
184.0
183.0
185.0
181.0
186.0
190.0
201.0
201.0
207.0
212.0
218.0
217.0
223.0
225.0
234.0
227.0
230.0
227.0
233.0
229.0
235.0
226.0
231.0
228.0
229.0
220.0
225.0
216.0
225.0
218.0
220.0
212.0
216.0
208.0
213.0
209.0
210.0
201.0
214.0
207.0
222.0
220.0
232.0
227.0
239.0
238.0
252.0
265.0
342.0
362.0
277.0
240.0
223.0
199.0
219.0
227.0
245.0
240.0
254.0
248.0
251.0
239.0
242.0
232.0
234.0
223.0
221.0
208.0
210.0
197.0
204.0
202.0
214.0
213.0
226.0
220.0
230.0
224.0
232.0
222.0
225.0
211.0
217.0
203.0
213.0
206.0
217.0
210.0
221.0
213.0
221.0
213.0
224.0
217.0
224.0
213.0
218.0
204.0
210.0
204.0
211.0
206.0
213.0
204.0
209.0
200.0
207.0
198.0
206.0
197.0
208.0
198.0
205.0
196.0
204.0
198.0
205.0
201.0
206.0
203.0
210.0
208.0
212.0
210.0
217.0
210.0
212.0
202.0
212.0
205.0
213.0
207.0
212.0
207.0
210.0
194.0
199.0
234.0
322.0
292.0
212.0
194.0
162.0
153.0
169.0
184.0
193.0
191.0
196.0
196.0
202.0
201.0
204.0
197.0
196.0
186.0
185.0
180.0
178.0
177.0
184.0
192.0
198.0
200.0
203.0
204.0
212.0
212.0
218.0
218.0
215.0
213.0
209.0
204.0
204.0
202.0
200.0
199.0
198.0
199.0
198.0
200.0
202.0
207.0
206.0
210.0
207.0
206.0
202.0
206.0
207.0
211.0
211.0
212.0
218.0
224.0
229.0
227.0
217.0
217.0
205.0
206.0
201.0
203.0
200.0
205.0
203.0
207.0
204.0
208.0
208.0
214.0
207.0
213.0
206.0
214.0
207.0
211.0
204.0
209.0
204.0
209.0
210.0
218.0
204.0
212.0
206.0
212.0
204.0
209.0
203.0
209.0
205.0
209.0
195.0
215.0
259.0
345.0
283.0
214.0
199.0
173.0
169.0
194.0
202.0
208.0
201.0
208.0
203.0
210.0
202.0
209.0
202.0
208.0
202.0
211.0
205.0
213.0
208.0
219.0
210.0
218.0
206.0
213.0
204.0
212.0
205.0
211.0
206.0
213.0
200.0
207.0
197.0
207.0
200.0
210.0
201.0
213.0
203.0
212.0
204.0
211.0
201.0
208.0
198.0
207.0
196.0
204.0
198.0
205.0
196.0
202.0
193.0
200.0
194.0
206.0
200.0
207.0
201.0
210.0
203.0
211.0
204.0
213.0
207.0
213.0
207.0
213.0
205.0
216.0
210.0
219.0
212.0
217.0
209.0
212.0
206.0
213.0
205.0
211.0
205.0
214.0
208.0
213.0
204.0
210.0
204.0
210.0
205.0
212.0
210.0
219.0
216.0
215.0
208.0
244.0
309.0
336.0
244.0
224.0
185.0
176.0
181.0
202.0
206.0
209.0
208.0
210.0
205.0
207.0
203.0
200.0
198.0
200.0
196.0
195.0
192.0
192.0
193.0
196.0
203.0
206.0
213.0
216.0
216.0
220.0
219.0
212.0
214.0
210.0
210.0
211.0
207.0
202.0
204.0
206.0
208.0
208.0
210.0
212.0
213.0
210.0
214.0
207.0
209.0
206.0
208.0
204.0
209.0
208.0
211.0
205.0
211.0
207.0
211.0
207.0
209.0
204.0
204.0
203.0
207.0
203.0
210.0
204.0
211.0
209.0
214.0
212.0
218.0
211.0
220.0
213.0
218.0
211.0
217.0
212.0
215.0
210.0
220.0
211.0
215.0
209.0
219.0
208.0
213.0
204.0
209.0
200.0
210.0
197.0
202.0
214.0
276.0
315.0
241.0
190.0
178.0
155.0
176.0
190.0
208.0
196.0
203.0
198.0
210.0
206.0
220.0
215.0
226.0
221.0
222.0
216.0
227.0
219.0
224.0
215.0
220.0
208.0
214.0
205.0
217.0
213.0
226.0
219.0
231.0
218.0
224.0
213.0
222.0
217.0
220.0
213.0
221.0
210.0
219.0
208.0
216.0
206.0
213.0
201.0
207.0
198.0
204.0
197.0
207.0
197.0
201.0
191.0
202.0
196.0
205.0
199.0
206.0
199.0
206.0
198.0
204.0
193.0
202.0
196.0
208.0
203.0
213.0
209.0
217.0
211.0
214.0
213.0
219.0
212.0
218.0
215.0
218.0
210.0
216.0
210.0
213.0
210.0
218.0
213.0
215.0
212.0
216.0
209.0
241.0
301.0
330.0
242.0
213.0
175.0
166.0
172.0
192.0
198.0
199.0
200.0
205.0
206.0
209.0
204.0
205.0
198.0
200.0
194.0
196.0
190.0
188.0
190.0
194.0
198.0
206.0
207.0
209.0
207.0
206.0
206.0
207.0
207.0
203.0
203.0
203.0
199.0
199.0
202.0
197.0
194.0
193.0
198.0
196.0
201.0
203.0
206.0
205.0
203.0
201.0
206.0
203.0
207.0
203.0
207.0
203.0
206.0
201.0
204.0
200.0
201.0
193.0
199.0
196.0
203.0
196.0
203.0
199.0
204.0
200.0
214.0
207.0
214.0
207.0
215.0
212.0
219.0
214.0
216.0
212.0
217.0
210.0
217.0
209.0
215.0
207.0
215.0
205.0
214.0
208.0
213.0
207.0
214.0
205.0
214.0
200.0
222.0
264.0
326.0
256.0
203.0
178.0
169.0
166.0
196.0
199.0
209.0
202.0
213.0
209.0
218.0
208.0
216.0
208.0
214.0
208.0
215.0
208.0
217.0
213.0
220.0
211.0
221.0
209.0
217.0
207.0
216.0
209.0
217.0
208.0
213.0
201.0
208.0
198.0
209.0
200.0
212.0
204.0
212.0
204.0
211.0
204.0
210.0
198.0
207.0
201.0
210.0
203.0
212.0
204.0
210.0
205.0
208.0
203.0
211.0
207.0
214.0
206.0
215.0
212.0
218.0
209.0
215.0
206.0
215.0
208.0
215.0
211.0
217.0
210.0
219.0
211.0
216.0
211.0
216.0
208.0
213.0
209.0
217.0
214.0
216.0
207.0
218.0
208.0
215.0
208.0
212.0
210.0
219.0
220.0
228.0
215.0
235.0
288.0
359.0
283.0
221.0
215.0
178.0
179.0
198.0
207.0
211.0
210.0
211.0
213.0
213.0
210.0
207.0
202.0
198.0
194.0
192.0
188.0
187.0
188.0
190.0
192.0
198.0
202.0
206.0
212.0
213.0
210.0
204.0
199.0
194.0
193.0
188.0
192.0
192.0
193.0
194.0
200.0
200.0
206.0
205.0
208.0
208.0
208.0
205.0
204.0
200.0
201.0
196.0
206.0
202.0
206.0
203.0
204.0
201.0
206.0
205.0
208.0
204.0
209.0
204.0
208.0
201.0
210.0
205.0
209.0
204.0
207.0
203.0
208.0
205.0
212.0
208.0
212.0
209.0
213.0
211.0
219.0
213.0
217.0
208.0
213.0
205.0
212.0
208.0
216.0
210.0
219.0
210.0
212.0
230.0
298.0
320.0
245.0
201.0
182.0
162.0
177.0
191.0
205.0
198.0
211.0
206.0
210.0
205.0
212.0
205.0
211.0
203.0
207.0
195.0
202.0
189.0
200.0
196.0
210.0
207.0
217.0
211.0
222.0
217.0
226.0
221.0
224.0
211.0
217.0
210.0
217.0
208.0
217.0
209.0
215.0
207.0
216.0
208.0
219.0
209.0
218.0
207.0
213.0
206.0
211.0
208.0
221.0
219.0
233.0
223.0
228.0
215.0
218.0
211.0
219.0
210.0
214.0
206.0
210.0
202.0
209.0
202.0
208.0
199.0
209.0
204.0
210.0
205.0
210.0
201.0
208.0
203.0
206.0
200.0
207.0
200.0
207.0
205.0
210.0
204.0
210.0
204.0
206.0
203.0
206.0
202.0
209.0
208.0
214.0
210.0
215.0
208.0
205.0
232.0
300.0
316.0
234.0
206.0
175.0
162.0
174.0
189.0
197.0
199.0
203.0
204.0
210.0
212.0
215.0
214.0
214.0
217.0
220.0
221.0
223.0
225.0
227.0
227.0
228.0
228.0
227.0
227.0
229.0
229.0
227.0
225.0
218.0
215.0
211.0
208.0
205.0
206.0
206.0
205.0
204.0
205.0
204.0
209.0
206.0
209.0
209.0
206.0
199.0
197.0
190.0
196.0
194.0
200.0
198.0
201.0
197.0
202.0
197.0
203.0
197.0
201.0
195.0
200.0
193.0
200.0
196.0
202.0
198.0
205.0
199.0
206.0
203.0
208.0
201.0
208.0
201.0
206.0
201.0
209.0
197.0
205.0
200.0
210.0
202.0
209.0
203.0
211.0
205.0
209.0
194.0
210.0
248.0
345.0
279.0
207.0
195.0
165.0
160.0
179.0
191.0
201.0
197.0
205.0
203.0
213.0
209.0
217.0
204.0
212.0
205.0
210.0
194.0
198.0
192.0
205.0
200.0
213.0
206.0
216.0
209.0
220.0
215.0
224.0
212.0
214.0
205.0
213.0
205.0
212.0
204.0
212.0
203.0
213.0
206.0
214.0
207.0
216.0
210.0
217.0
210.0
216.0
206.0
212.0
205.0
216.0
207.0
218.0
208.0
216.0
209.0
217.0
210.0
219.0
208.0
215.0
207.0
214.0
204.0
213.0
209.0
219.0
213.0
217.0
209.0
215.0
208.0
213.0
204.0
208.0
203.0
209.0
202.0
210.0
205.0
210.0
207.0
213.0
208.0
213.0
209.0
214.0
208.0
216.0
211.0
215.0
209.0
213.0
213.0
214.0
213.0
217.0
215.0
219.0
218.0
215.0
211.0
249.0
324.0
316.0
229.0
207.0
170.0
170.0
178.0
196.0
194.0
195.0
194.0
198.0
199.0
207.0
207.0
207.0
208.0
212.0
213.0
217.0
217.0
213.0
212.0
212.0
210.0
213.0
210.0
207.0
210.0
208.0
211.0
210.0
212.0
212.0
210.0
206.0
210.0
208.0
214.0
210.0
214.0
210.0
209.0
205.0
206.0
198.0
202.0
195.0
201.0
197.0
204.0
198.0
202.0
198.0
208.0
205.0
213.0
208.0
215.0
210.0
216.0
212.0
218.0
216.0
224.0
217.0
221.0
214.0
220.0
211.0
214.0
202.0
210.0
206.0
215.0
207.0
215.0
210.0
219.0
214.0
218.0
206.0
211.0
203.0
213.0
205.0
217.0
212.0
219.0
216.0
221.0
204.0
233.0
283.0
350.0
265.0
220.0
206.0
180.0
170.0
193.0
195.0
204.0
197.0
207.0
199.0
209.0
201.0
206.0
197.0
201.0
189.0
195.0
180.0
188.0
181.0
192.0
191.0
204.0
200.0
209.0
201.0
211.0
212.0
223.0
207.0
204.0
192.0
199.0
190.0
200.0
192.0
201.0
193.0
200.0
191.0
202.0
197.0
208.0
201.0
209.0
199.0
202.0
192.0
202.0
197.0
206.0
201.0
209.0
203.0
210.0
206.0
209.0
201.0
205.0
201.0
208.0
200.0
208.0
205.0
212.0
204.0
211.0
207.0
215.0
211.0
219.0
211.0
220.0
215.0
220.0
209.0
214.0
208.0
213.0
209.0
213.0
209.0
212.0
208.0
218.0
206.0
226.0
276.0
339.0
266.0
209.0
194.0
171.0
170.0
190.0
199.0
203.0
201.0
209.0
210.0
212.0
209.0
206.0
200.0
201.0
201.0
196.0
191.0
193.0
195.0
201.0
205.0
210.0
214.0
216.0
220.0
219.0
221.0
219.0
219.0
213.0
210.0
205.0
205.0
201.0
203.0
195.0
200.0
197.0
201.0
202.0
209.0
207.0
213.0
210.0
214.0
204.0
204.0
200.0
205.0
205.0
211.0
211.0
217.0
215.0
221.0
216.0
221.0
217.0
223.0
217.0
221.0
213.0
216.0
209.0
215.0
209.0
219.0
215.0
220.0
214.0
221.0
215.0
221.0
214.0
215.0
209.0
212.0
202.0
206.0
197.0
203.0
196.0
203.0
196.0
201.0
200.0
210.0
192.0
228.0
287.0
322.0
233.0
209.0
167.0
163.0
164.0
188.0
185.0
194.0
186.0
200.0
200.0
212.0
207.0
214.0
203.0
213.0
204.0
214.0
202.0
210.0
203.0
211.0
204.0
217.0
210.0
217.0
208.0
219.0
212.0
224.0
215.0
221.0
211.0
217.0
206.0
213.0
205.0
216.0
209.0
218.0
208.0
219.0
207.0
216.0
208.0
214.0
209.0
213.0
203.0
214.0
206.0
217.0
211.0
222.0
217.0
225.0
218.0
230.0
220.0
226.0
221.0
224.0
217.0
221.0
217.0
223.0
213.0
220.0
212.0
223.0
213.0
222.0
213.0
213.0
205.0
211.0
205.0
207.0
201.0
209.0
207.0
211.0
201.0
195.0
190.0
232.0
318.0
290.0
196.0
194.0
149.0
147.0
157.0
180.0
181.0
190.0
188.0
195.0
194.0
197.0
196.0
199.0
194.0
192.0
190.0
185.0
179.0
181.0
187.0
195.0
205.0
211.0
213.0
217.0
220.0
220.0
221.0
217.0
212.0
209.0
203.0
200.0
204.0
197.0
201.0
202.0
204.0
203.0
208.0
210.0
215.0
215.0
218.0
217.0
219.0
212.0
212.0
210.0
218.0
214.0
216.0
213.0
216.0
213.0
217.0
212.0
216.0
213.0
215.0
209.0
211.0
205.0
212.0
210.0
215.0
211.0
218.0
215.0
220.0
217.0
222.0
213.0
218.0
217.0
224.0
212.0
217.0
210.0
215.0
208.0
214.0
209.0
215.0
206.0
214.0
204.0
209.0
233.0
313.0
307.0
230.0
196.0
171.0
161.0
178.0
191.0
204.0
199.0
207.0
200.0
211.0
212.0
211.0
196.0
203.0
191.0
198.0
185.0
188.0
179.0
193.0
191.0
206.0
201.0
213.0
207.0
220.0
215.0
225.0
220.0
226.0
216.0
221.0
210.0
217.0
210.0
217.0
211.0
219.0
212.0
218.0
210.0
218.0
206.0
213.0
206.0
212.0
204.0
211.0
204.0
214.0
205.0
213.0
205.0
216.0
211.0
219.0
211.0
217.0
210.0
216.0
210.0
215.0
207.0
213.0
205.0
209.0
202.0
212.0
205.0
213.0
207.0
213.0
207.0
212.0
203.0
209.0
205.0
209.0
208.0
215.0
214.0
218.0
212.0
215.0
210.0
213.0
207.0
215.0
210.0
213.0
208.0
214.0
205.0
199.0
217.0
275.0
328.0
258.0
201.0
186.0
159.0
165.0
182.0
196.0
197.0
204.0
204.0
209.0
209.0
211.0
208.0
209.0
209.0
213.0
214.0
215.0
215.0
218.0
217.0
220.0
219.0
221.0
223.0
228.0
232.0
234.0
234.0
233.0
232.0
224.0
224.0
219.0
220.0
220.0
220.0
220.0
226.0
225.0
226.0
220.0
224.0
231.0
231.0
216.0
213.0
204.0
205.0
203.0
204.0
198.0
198.0
192.0
197.0
192.0
199.0
191.0
195.0
190.0
195.0
188.0
194.0
190.0
198.0
196.0
202.0
198.0
203.0
198.0
202.0
201.0
207.0
200.0
206.0
200.0
206.0
194.0
196.0
189.0
195.0
187.0
197.0
186.0
189.0
211.0
283.0
301.0
223.0
186.0
163.0
141.0
155.0
169.0
188.0
181.0
191.0
187.0
195.0
194.0
200.0
189.0
193.0
184.0
190.0
181.0
185.0
175.0
188.0
190.0
205.0
206.0
218.0
217.0
225.0
222.0
229.0
218.0
226.0
216.0
217.0
205.0
209.0
199.0
208.0
200.0
209.0
204.0
214.0
210.0
222.0
215.0
223.0
215.0
221.0
208.0
212.0
205.0
213.0
209.0
216.0
211.0
219.0
214.0
220.0
214.0
220.0
213.0
219.0
213.0
215.0
209.0
217.0
210.0
216.0
211.0
221.0
214.0
218.0
212.0
214.0
209.0
218.0
214.0
222.0
214.0
215.0
210.0
214.0
208.0
214.0
211.0
216.0
213.0
219.0
213.0
209.0
219.0
268.0
340.0
287.0
211.0
203.0
171.0
178.0
192.0
210.0
206.0
210.0
208.0
211.0
209.0
214.0
214.0
216.0
216.0
219.0
220.0
219.0
218.0
221.0
220.0
221.0
216.0
217.0
216.0
215.0
215.0
215.0
214.0
215.0
213.0
208.0
206.0
204.0
207.0
207.0
210.0
210.0
212.0
214.0
215.0
211.0
212.0
209.0
209.0
200.0
203.0
198.0
203.0
204.0
206.0
204.0
210.0
205.0
212.0
208.0
211.0
210.0
216.0
214.0
216.0
211.0
213.0
209.0
215.0
208.0
215.0
209.0
212.0
207.0
213.0
209.0
214.0
209.0
216.0
209.0
210.0
205.0
210.0
204.0
207.0
200.0
203.0
198.0
203.0
197.0
196.0
207.0
270.0
328.0
260.0
190.0
200.0
156.0
163.0
173.0
192.0
188.0
196.0
194.0
205.0
204.0
215.0
207.0
211.0
204.0
215.0
206.0
214.0
206.0
215.0
212.0
222.0
215.0
223.0
218.0
227.0
218.0
228.0
218.0
224.0
209.0
211.0
203.0
207.0
198.0
207.0
199.0
209.0
204.0
211.0
207.0
216.0
208.0
217.0
207.0
209.0
200.0
206.0
196.0
205.0
199.0
206.0
197.0
204.0
197.0
203.0
194.0
201.0
197.0
199.0
191.0
196.0
189.0
196.0
196.0
205.0
201.0
211.0
207.0
215.0
212.0
218.0
212.0
212.0
204.0
206.0
199.0
200.0
194.0
201.0
197.0
205.0
201.0
199.0
197.0
246.0
337.0
326.0
226.0
209.0
168.0
166.0
172.0
197.0
201.0
205.0
201.0
208.0
209.0
216.0
212.0
211.0
203.0
203.0
199.0
200.0
192.0
193.0
196.0
207.0
209.0
216.0
217.0
220.0
222.0
225.0
220.0
219.0
214.0
211.0
207.0
210.0
212.0
212.0
213.0
208.0
207.0
208.0
209.0
207.0
207.0
205.0
208.0
208.0
208.0
204.0
201.0
198.0
203.0
204.0
206.0
204.0
208.0
210.0
213.0
216.0
219.0
217.0
218.0
213.0
219.0
215.0
220.0
215.0
219.0
214.0
216.0
209.0
216.0
214.0
217.0
217.0
223.0
219.0
221.0
215.0
222.0
214.0
217.0
216.0
219.0
215.0
218.0
209.0
213.0
205.0
213.0
206.0
210.0
205.0
212.0
207.0
211.0
203.0
209.0
242.0
331.0
306.0
233.0
207.0
175.0
167.0
181.0
194.0
203.0
200.0
207.0
204.0
211.0
205.0
214.0
206.0
216.0
211.0
222.0
217.0
224.0
213.0
220.0
213.0
218.0
211.0
220.0
214.0
224.0
223.0
231.0
222.0
223.0
210.0
210.0
209.0
222.0
211.0
221.0
213.0
221.0
212.0
218.0
209.0
215.0
213.0
221.0
216.0
218.0
209.0
216.0
211.0
218.0
209.0
217.0
209.0
216.0
209.0
220.0
210.0
214.0
208.0
212.0
205.0
209.0
201.0
207.0
202.0
204.0
202.0
208.0
200.0
204.0
199.0
205.0
201.0
205.0
200.0
209.0
206.0
210.0
197.0
201.0
194.0
200.0
194.0
199.0
195.0
198.0
194.0
199.0
187.0
208.0
256.0
321.0
248.0
188.0
178.0
150.0
152.0
175.0
186.0
190.0
191.0
197.0
198.0
207.0
204.0
203.0
197.0
197.0
194.0
193.0
188.0
189.0
189.0
199.0
205.0
211.0
214.0
221.0
220.0
225.0
225.0
226.0
222.0
221.0
216.0
213.0
213.0
212.0
210.0
209.0
207.0
207.0
207.0
208.0
212.0
211.0
216.0
215.0
216.0
210.0
206.0
201.0
203.0
206.0
209.0
206.0
210.0
207.0
207.0
210.0
212.0
207.0
210.0
203.0
201.0
195.0
199.0
197.0
204.0
201.0
211.0
208.0
216.0
210.0
214.0
210.0
212.0
206.0
208.0
205.0
210.0
206.0
210.0
207.0
207.0
203.0
212.0
206.0
212.0
207.0
215.0
214.0
222.0
215.0
220.0
208.0
212.0
212.0
212.0
205.0
211.0
206.0
212.0
206.0
209.0
205.0
216.0
209.0
207.0
215.0
268.0
339.0
290.0
206.0
196.0
160.0
170.0
179.0
198.0
193.0
201.0
195.0
201.0
203.0
219.0
215.0
221.0
216.0
225.0
218.0
224.0
208.0
217.0
206.0
213.0
209.0
217.0
210.0
216.0
213.0
225.0
216.0
222.0
213.0
216.0
207.0
213.0
205.0
211.0
206.0
215.0
204.0
214.0
203.0
205.0
197.0
204.0
194.0
204.0
200.0
208.0
203.0
208.0
203.0
207.0
204.0
211.0
205.0
215.0
215.0
222.0
210.0
218.0
212.0
215.0
210.0
216.0
213.0
218.0
212.0
216.0
212.0
216.0
212.0
215.0
214.0
218.0
217.0
224.0
224.0
225.0
224.0
228.0
223.0
222.0
219.0
220.0
218.0
219.0
214.0
215.0
212.0
216.0
203.0
204.0
238.0
318.0
311.0
221.0
203.0
166.0
155.0
167.0
180.0
188.0
188.0
191.0
190.0
192.0
194.0
195.0
192.0
194.0
194.0
192.0
191.0
188.0
188.0
190.0
195.0
198.0
204.0
207.0
210.0
209.0
214.0
208.0
212.0
206.0
206.0
201.0
199.0
195.0
203.0
199.0
200.0
198.0
204.0
204.0
208.0
207.0
212.0
210.0
212.0
205.0
206.0
200.0
207.0
205.0
210.0
205.0
210.0
201.0
207.0
202.0
210.0
202.0
206.0
201.0
207.0
201.0
206.0
202.0
210.0
207.0
210.0
206.0
212.0
208.0
212.0
209.0
217.0
212.0
219.0
210.0
216.0
211.0
217.0
210.0
211.0
205.0
210.0
203.0
208.0
198.0
206.0
202.0
210.0
205.0
203.0
202.0
252.0
336.0
301.0
211.0
204.0
161.0
165.0
174.0
197.0
194.0
205.0
201.0
209.0
207.0
216.0
206.0
216.0
213.0
216.0
201.0
203.0
187.0
193.0
196.0
211.0
207.0
217.0
214.0
225.0
222.0
233.0
225.0
229.0
218.0
221.0
210.0
217.0
209.0
221.0
211.0
217.0
206.0
211.0
207.0
218.0
212.0
218.0
210.0
215.0
210.0
217.0
207.0
212.0
202.0
211.0
200.0
207.0
200.0
206.0
204.0
212.0
208.0
211.0
205.0
212.0
206.0
212.0
205.0
210.0
206.0
212.0
206.0
214.0
208.0
214.0
209.0
212.0
209.0
215.0
211.0
218.0
216.0
220.0
216.0
222.0
216.0
219.0
214.0
216.0
214.0
220.0
216.0
217.0
217.0
221.0
217.0
218.0
216.0
218.0
217.0
217.0
214.0
209.0
232.0
289.0
333.0
255.0
209.0
188.0
168.0
170.0
189.0
199.0
203.0
204.0
211.0
212.0
213.0
212.0
212.0
207.0
209.0
207.0
208.0
206.0
206.0
202.0
209.0
209.0
210.0
210.0
215.0
214.0
220.0
212.0
214.0
206.0
202.0
192.0
192.0
185.0
190.0
188.0
195.0
194.0
200.0
196.0
203.0
202.0
207.0
203.0
206.0
200.0
203.0
201.0
207.0
200.0
206.0
198.0
204.0
196.0
203.0
197.0
203.0
195.0
202.0
195.0
202.0
196.0
204.0
201.0
206.0
200.0
207.0
201.0
210.0
205.0
215.0
209.0
217.0
211.0
221.0
211.0
215.0
206.0
213.0
206.0
212.0
207.0
211.0
206.0
210.0
207.0
214.0
208.0
216.0
209.0
214.0
207.0
206.0
213.0
271.0
329.0
273.0
200.0
199.0
161.0
174.0
188.0
207.0
198.0
209.0
202.0
213.0
210.0
220.0
209.0
215.0
206.0
207.0
195.0
202.0
189.0
196.0
193.0
203.0
199.0
211.0
209.0
219.0
217.0
225.0
218.0
223.0
213.0
218.0
207.0
213.0
203.0
211.0
204.0
211.0
204.0
212.0
206.0
215.0
211.0
218.0
212.0
218.0
211.0
212.0
207.0
214.0
209.0
215.0
211.0
217.0
217.0
226.0
216.0
220.0
216.0
219.0
214.0
217.0
211.0
212.0
206.0
209.0
208.0
213.0
208.0
212.0
208.0
213.0
213.0
214.0
211.0
212.0
213.0
215.0
209.0
210.0
210.0
212.0
209.0
212.0
210.0
209.0
208.0
210.0
209.0
207.0
205.0
207.0
206.0
208.0
203.0
197.0
199.0
237.0
319.0
303.0
219.0
201.0
163.0
158.0
170.0
182.0
192.0
191.0
197.0
198.0
205.0
207.0
211.0
209.0
209.0
208.0
215.0
210.0
217.0
216.0
219.0
216.0
220.0
215.0
216.0
215.0
221.0
219.0
226.0
221.0
222.0
213.0
214.0
209.0
212.0
208.0
214.0
209.0
214.0
212.0
219.0
211.0
216.0
210.0
214.0
204.0
210.0
202.0
208.0
202.0
207.0
200.0
206.0
198.0
208.0
202.0
211.0
205.0
215.0
207.0
214.0
206.0
210.0
203.0
211.0
206.0
215.0
209.0
220.0
212.0
213.0
204.0
210.0
202.0
209.0
205.0
211.0
198.0
203.0
196.0
203.0
197.0
202.0
197.0
206.0
200.0
209.0
189.0
215.0
262.0
335.0
256.0
201.0
188.0
160.0
158.0
187.0
190.0
200.0
199.0
210.0
203.0
213.0
203.0
214.0
194.0
196.0
187.0
194.0
182.0
188.0
183.0
198.0
194.0
208.0
201.0
212.0
208.0
221.0
214.0
223.0
212.0
216.0
209.0
215.0
212.0
215.0
208.0
216.0
207.0
212.0
206.0
216.0
211.0
221.0
215.0
221.0
214.0
219.0
209.0
212.0
207.0
216.0
207.0
212.0
207.0
214.0
208.0
215.0
211.0
215.0
207.0
211.0
208.0
213.0
209.0
215.0
214.0
217.0
213.0
218.0
213.0
217.0
210.0
214.0
214.0
215.0
212.0
217.0
214.0
216.0
214.0
216.0
215.0
216.0
208.0
208.0
206.0
205.0
202.0
204.0
205.0
209.0
209.0
211.0
200.0
206.0
250.0
336.0
291.0
211.0
197.0
164.0
162.0
175.0
192.0
191.0
197.0
198.0
204.0
205.0
203.0
201.0
200.0
195.0
195.0
188.0
187.0
184.0
188.0
190.0
197.0
200.0
208.0
208.0
215.0
212.0
216.0
216.0
219.0
215.0
214.0
211.0
216.0
211.0
217.0
213.0
216.0
214.0
215.0
212.0
218.0
212.0
217.0
208.0
216.0
208.0
216.0
207.0
211.0
206.0
211.0
205.0
210.0
204.0
212.0
209.0
213.0
209.0
216.0
209.0
215.0
209.0
216.0
204.0
210.0
203.0
211.0
203.0
210.0
202.0
211.0
204.0
209.0
202.0
211.0
203.0
208.0
200.0
211.0
203.0
210.0
204.0
209.0
206.0
213.0
209.0
216.0
211.0
217.0
214.0
222.0
214.0
219.0
209.0
218.0
207.0
214.0
207.0
213.0
208.0
217.0
204.0
213.0
244.0
328.0
321.0
241.0
213.0
180.0
164.0
180.0
190.0
203.0
198.0
204.0
199.0
207.0
201.0
210.0
202.0
205.0
201.0
213.0
212.0
221.0
217.0
230.0
224.0
233.0
227.0
235.0
224.0
229.0
224.0
229.0
221.0
225.0
215.0
221.0
210.0
214.0
210.0
213.0
207.0
215.0
213.0
223.0
217.0
216.0
208.0
213.0
204.0
205.0
195.0
197.0
192.0
200.0
197.0
201.0
196.0
203.0
198.0
200.0
199.0
198.0
201.0
196.0
203.0
201.0
203.0
201.0
205.0
208.0
204.0
206.0
208.0
209.0
211.0
208.0
210.0
209.0
211.0
211.0
210.0
209.0
213.0
215.0
210.0
210.0
209.0
210.0
211.0
206.0
211.0
214.0
220.0
224.0
209.0
201.0
236.0
323.0
294.0
209.0
200.0
159.0
162.0
172.0
192.0
194.0
198.0
199.0
203.0
204.0
205.0
204.0
206.0
204.0
206.0
203.0
210.0
205.0
208.0
205.0
209.0
213.0
214.0
218.0
222.0
226.0
224.0
223.0
220.0
220.0
212.0
215.0
204.0
208.0
204.0
210.0
203.0
212.0
204.0
215.0
208.0
219.0
207.0
212.0
201.0
205.0
196.0
205.0
195.0
202.0
194.0
206.0
196.0
208.0
199.0
210.0
202.0
213.0
204.0
213.0
204.0
215.0
204.0
212.0
204.0
214.0
208.0
218.0
207.0
218.0
205.0
211.0
200.0
208.0
203.0
214.0
206.0
212.0
204.0
207.0
200.0
209.0
199.0
205.0
198.0
206.0
198.0
208.0
200.0
197.0
199.0
256.0
340.0
293.0
196.0
214.0
160.0
167.0
172.0
197.0
193.0
204.0
202.0
210.0
205.0
213.0
210.0
215.0
208.0
215.0
209.0
215.0
209.0
214.0
210.0
217.0
213.0
222.0
213.0
224.0
219.0
224.0
217.0
215.0
211.0
212.0
205.0
213.0
208.0
217.0
210.0
217.0
213.0
214.0
211.0
216.0
211.0
217.0
208.0
210.0
207.0
208.0
209.0
209.0
216.0
225.0
220.0
222.0
220.0
222.0
221.0
219.0
213.0
218.0
210.0
208.0
202.0
200.0
200.0
200.0
203.0
206.0
208.0
206.0
207.0
211.0
210.0
213.0
205.0
208.0
206.0
207.0
204.0
208.0
208.0
213.0
216.0
222.0
216.0
227.0
276.0
367.0
285.0
187.0
199.0
154.0
166.0
173.0
187.0
184.0
188.0
186.0
194.0
193.0
202.0
198.0
202.0
198.0
205.0
209.0
220.0
211.0
208.0
190.0
197.0
198.0
201.0
197.0
206.0
204.0
213.0
206.0
216.0
206.0
213.0
200.0
204.0
197.0
205.0
198.0
209.0
202.0
211.0
202.0
214.0
200.0
205.0
200.0
208.0
198.0
212.0
200.0
214.0
209.0
220.0
211.0
222.0
210.0
219.0
209.0
222.0
216.0
226.0
215.0
224.0
213.0
222.0
214.0
223.0
214.0
223.0
216.0
225.0
216.0
226.0
218.0
225.0
215.0
225.0
222.0
226.0
217.0
224.0
210.0
219.0
209.0
221.0
209.0
219.0
208.0
215.0
206.0
213.0
198.0
220.0
262.0
350.0
287.0
202.0
171.0
158.0
162.0
193.0
192.0
204.0
198.0
209.0
200.0
211.0
207.0
214.0
226.0
222.0
229.0
211.0
217.0
204.0
205.0
200.0
208.0
208.0
208.0
216.0
210.0
217.0
210.0
216.0
208.0
211.0
216.0
220.0
237.0
229.0
220.0
201.0
205.0
202.0
209.0
210.0
215.0
202.0
199.0
206.0
204.0
211.0
211.0
218.0
214.0
214.0
209.0
214.0
211.0
210.0
209.0
210.0
208.0
206.0
203.0
207.0
205.0
208.0
209.0
208.0
205.0
207.0
202.0
204.0
202.0
202.0
201.0
198.0
192.0
193.0
190.0
188.0
183.0
181.0
180.0
179.0
180.0
176.0
176.0
169.0
168.0
167.0
163.0
164.0
162.0
163.0
162.0
164.0
158.0
163.0
203.0
281.0
270.0
190.0
186.0
145.0
149.0
166.0
189.0
194.0
203.0
201.0
206.0
201.0
206.0
201.0
205.0
205.0
213.0
210.0
216.0
213.0
219.0
217.0
222.0
217.0
224.0
221.0
228.0
220.0
232.0
227.0
231.0
223.0
224.0
215.0
220.0
214.0
222.0
216.0
224.0
216.0
225.0
217.0
226.0
214.0
225.0
216.0
225.0
215.0
225.0
219.0
224.0
216.0
225.0
218.0
228.0
217.0
225.0
215.0
225.0
216.0
224.0
215.0
223.0
213.0
223.0
215.0
225.0
212.0
220.0
210.0
216.0
210.0
215.0
208.0
217.0
210.0
218.0
207.0
218.0
216.0
219.0
210.0
218.0
210.0
219.0
209.0
217.0
206.0
215.0
204.0
216.0
207.0
214.0
207.0
218.0
213.0
221.0
202.0
219.0
256.0
344.0
276.0
215.0
205.0
172.0
164.0
183.0
189.0
196.0
188.0
195.0
190.0
198.0
193.0
202.0
199.0
209.0
200.0
211.0
207.0
218.0
212.0
216.0
212.0
222.0
218.0
227.0
219.0
228.0
217.0
221.0
215.0
219.0
211.0
217.0
208.0
214.0
209.0
215.0
209.0
210.0
206.0
214.0
208.0
214.0
207.0
212.0
208.0
210.0
204.0
212.0
209.0
212.0
206.0
210.0
210.0
214.0
211.0
213.0
212.0
215.0
212.0
214.0
209.0
207.0
210.0
214.0
214.0
215.0
215.0
210.0
207.0
207.0
206.0
208.0
207.0
205.0
202.0
205.0
205.0
204.0
205.0
209.0
210.0
210.0
208.0
207.0
208.0
211.0
214.0
215.0
216.0
217.0
220.0
215.0
219.0
214.0
214.0
211.0
216.0
212.0
204.0
214.0
267.0
341.0
278.0
206.0
210.0
167.0
172.0
180.0
202.0
193.0
205.0
199.0
207.0
202.0
211.0
205.0
209.0
205.0
214.0
210.0
219.0
214.0
223.0
219.0
227.0
220.0
229.0
219.0
226.0
220.0
226.0
221.0
227.0
217.0
222.0
212.0
219.0
210.0
221.0
211.0
218.0
210.0
220.0
209.0
219.0
210.0
215.0
206.0
215.0
205.0
211.0
204.0
212.0
204.0
212.0
206.0
213.0
202.0
212.0
204.0
213.0
204.0
213.0
202.0
208.0
199.0
210.0
201.0
209.0
203.0
213.0
203.0
213.0
202.0
210.0
204.0
213.0
203.0
215.0
204.0
213.0
204.0
213.0
202.0
210.0
203.0
211.0
198.0
207.0
199.0
197.0
195.0
245.0
325.0
304.0
206.0
214.0
165.0
168.0
170.0
193.0
191.0
202.0
195.0
203.0
198.0
209.0
198.0
207.0
198.0
206.0
199.0
208.0
204.0
209.0
203.0
211.0
208.0
215.0
210.0
214.0
209.0
218.0
208.0
211.0
203.0
206.0
199.0
202.0
197.0
202.0
202.0
204.0
201.0
207.0
202.0
204.0
198.0
202.0
198.0
203.0
200.0
204.0
198.0
206.0
205.0
209.0
210.0
214.0
212.0
215.0
211.0
211.0
208.0
208.0
202.0
207.0
205.0
208.0
208.0
209.0
208.0
208.0
209.0
210.0
211.0
211.0
210.0
210.0
209.0
205.0
207.0
208.0
212.0
214.0
211.0
212.0
212.0
212.0
211.0
208.0
213.0
213.0
214.0
208.0
204.0
208.0
252.0
337.0
292.0
208.0
208.0
164.0
167.0
178.0
197.0
198.0
204.0
200.0
206.0
199.0
203.0
201.0
203.0
200.0
208.0
204.0
210.0
204.0
214.0
209.0
225.0
215.0
223.0
215.0
220.0
218.0
223.0
217.0
221.0
211.0
213.0
200.0
204.0
197.0
204.0
199.0
209.0
204.0
213.0
210.0
214.0
203.0
211.0
203.0
218.0
214.0
213.0
207.0
215.0
210.0
217.0
210.0
215.0
208.0
217.0
208.0
218.0
210.0
216.0
208.0
216.0
207.0
217.0
209.0
216.0
208.0
217.0
205.0
215.0
203.0
216.0
205.0
214.0
206.0
216.0
205.0
213.0
206.0
215.0
206.0
214.0
206.0
216.0
212.0
222.0
213.0
222.0
213.0
219.0
217.0
227.0
220.0
222.0
215.0
220.0
206.0
235.0
279.0
330.0
243.0
210.0
174.0
164.0
164.0
192.0
196.0
204.0
198.0
206.0
201.0
209.0
202.0
212.0
208.0
214.0
208.0
208.0
198.0
204.0
198.0
208.0
203.0
207.0
204.0
208.0
206.0
212.0
206.0
209.0
197.0
204.0
194.0
202.0
197.0
207.0
200.0
206.0
203.0
208.0
200.0
203.0
197.0
201.0
197.0
204.0
202.0
208.0
204.0
208.0
206.0
207.0
202.0
206.0
203.0
208.0
208.0
215.0
212.0
215.0
214.0
214.0
212.0
213.0
208.0
213.0
212.0
214.0
211.0
213.0
213.0
213.0
213.0
210.0
209.0
206.0
208.0
205.0
204.0
204.0
204.0
207.0
207.0
199.0
201.0
198.0
202.0
200.0
206.0
206.0
209.0
207.0
209.0
200.0
221.0
274.0
328.0
247.0
202.0
185.0
161.0
165.0
185.0
193.0
198.0
196.0
202.0
203.0
206.0
204.0
208.0
202.0
208.0
209.0
215.0
213.0
218.0
211.0
216.0
211.0
217.0
210.0
220.0
213.0
223.0
218.0
224.0
217.0
216.0
211.0
214.0
207.0
215.0
208.0
212.0
206.0
211.0
206.0
211.0
201.0
212.0
204.0
210.0
203.0
210.0
204.0
213.0
208.0
215.0
204.0
210.0
203.0
212.0
203.0
211.0
203.0
209.0
201.0
211.0
203.0
211.0
206.0
213.0
205.0
214.0
204.0
209.0
204.0
213.0
207.0
218.0
208.0
219.0
212.0
219.0
207.0
215.0
204.0
215.0
206.0
215.0
207.0
217.0
211.0
213.0
200.0
232.0
279.0
331.0
240.0
209.0
180.0
167.0
164.0
192.0
201.0
210.0
199.0
209.0
200.0
206.0
196.0
205.0
191.0
198.0
191.0
208.0
196.0
203.0
195.0
205.0
202.0
212.0
207.0
215.0
209.0
218.0
210.0
219.0
215.0
229.0
221.0
223.0
216.0
222.0
213.0
219.0
212.0
217.0
209.0
215.0
199.0
202.0
198.0
207.0
200.0
206.0
197.0
205.0
196.0
204.0
199.0
204.0
198.0
205.0
200.0
207.0
203.0
206.0
201.0
206.0
202.0
206.0
202.0
208.0
206.0
213.0
209.0
212.0
211.0
214.0
208.0
212.0
208.0
210.0
208.0
209.0
210.0
210.0
210.0
211.0
212.0
217.0
217.0
218.0
214.0
214.0
212.0
212.0
207.0
204.0
203.0
205.0
202.0
209.0
210.0
212.0
208.0
206.0
198.0
204.0
245.0
327.0
288.0
209.0
196.0
163.0
163.0
175.0
195.0
198.0
209.0
209.0
212.0
209.0
214.0
206.0
209.0
203.0
209.0
206.0
209.0
205.0
211.0
212.0
217.0
215.0
220.0
218.0
222.0
218.0
226.0
230.0
231.0
220.0
220.0
214.0
217.0
209.0
213.0
209.0
217.0
204.0
209.0
203.0
208.0
200.0
210.0
198.0
200.0
193.0
199.0
193.0
200.0
196.0
205.0
202.0
206.0
201.0
209.0
203.0
212.0
205.0
213.0
203.0
213.0
204.0
214.0
206.0
215.0
208.0
215.0
206.0
211.0
204.0
212.0
202.0
211.0
206.0
213.0
204.0
214.0
203.0
213.0
203.0
214.0
205.0
213.0
203.0
211.0
202.0
211.0
203.0
214.0
206.0
214.0
206.0
208.0
198.0
243.0
312.0
319.0
219.0
213.0
168.0
167.0
167.0
194.0
195.0
209.0
203.0
215.0
205.0
212.0
207.0
212.0
205.0
214.0
205.0
214.0
208.0
219.0
213.0
221.0
214.0
223.0
215.0
225.0
215.0
222.0
215.0
224.0
213.0
217.0
206.0
211.0
201.0
210.0
201.0
208.0
202.0
211.0
202.0
208.0
203.0
211.0
203.0
211.0
207.0
214.0
209.0
214.0
209.0
213.0
208.0
212.0
208.0
213.0
211.0
217.0
209.0
215.0
212.0
214.0
209.0
209.0
207.0
210.0
205.0
207.0
204.0
205.0
201.0
206.0
204.0
208.0
208.0
207.0
206.0
205.0
206.0
207.0
207.0
208.0
204.0
202.0
199.0
193.0
202.0
256.0
339.0
270.0
193.0
197.0
156.0
156.0
172.0
189.0
193.0
194.0
199.0
200.0
201.0
200.0
202.0
201.0
199.0
200.0
206.0
203.0
205.0
208.0
212.0
214.0
216.0
217.0
222.0
214.0
220.0
217.0
215.0
210.0
209.0
209.0
212.0
208.0
218.0
213.0
219.0
215.0
213.0
196.0
203.0
202.0
211.0
202.0
206.0
202.0
207.0
201.0
209.0
203.0
204.0
200.0
208.0
204.0
211.0
203.0
210.0
205.0
214.0
208.0
212.0
206.0
210.0
202.0
210.0
206.0
212.0
207.0
211.0
207.0
214.0
206.0
212.0
203.0
209.0
201.0
211.0
203.0
214.0
208.0
215.0
204.0
209.0
205.0
212.0
203.0
213.0
204.0
212.0
205.0
214.0
198.0
227.0
274.0
328.0
244.0
208.0
177.0
169.0
163.0
192.0
193.0
205.0
199.0
210.0
201.0
212.0
208.0
215.0
203.0
210.0
204.0
214.0
209.0
218.0
208.0
217.0
212.0
222.0
218.0
230.0
224.0
231.0
218.0
223.0
211.0
215.0
205.0
210.0
199.0
203.0
197.0
208.0
200.0
210.0
198.0
208.0
201.0
209.0
203.0
210.0
201.0
210.0
202.0
210.0
204.0
212.0
206.0
213.0
205.0
213.0
207.0
214.0
207.0
215.0
205.0
211.0
204.0
210.0
201.0
210.0
205.0
212.0
205.0
211.0
238.0
249.0
230.0
210.0
202.0
205.0
198.0
208.0
205.0
212.0
207.0
213.0
206.0
212.0
207.0
213.0
207.0
213.0
208.0
213.0
209.0
216.0
210.0
207.0
204.0
205.0
202.0
206.0
204.0
207.0
206.0
210.0
206.0
202.0
218.0
266.0
329.0
266.0
200.0
188.0
164.0
173.0
190.0
201.0
197.0
204.0
205.0
206.0
206.0
208.0
208.0
208.0
208.0
209.0
208.0
206.0
207.0
206.0
209.0
209.0
212.0
212.0
217.0
217.0
217.0
214.0
213.0
209.0
212.0
204.0
204.0
200.0
202.0
202.0
206.0
202.0
207.0
203.0
207.0
203.0
206.0
203.0
205.0
203.0
207.0
206.0
213.0
207.0
215.0
210.0
216.0
210.0
216.0
209.0
220.0
214.0
221.0
212.0
218.0
214.0
223.0
216.0
224.0
219.0
220.0
215.0
221.0
211.0
216.0
208.0
215.0
208.0
214.0
210.0
217.0
205.0
216.0
208.0
216.0
207.0
216.0
206.0
215.0
209.0
216.0
199.0
212.0
248.0
346.0
295.0
211.0
203.0
169.0
158.0
181.0
189.0
201.0
193.0
203.0
197.0
206.0
198.0
210.0
200.0
208.0
201.0
212.0
207.0
214.0
207.0
216.0
212.0
222.0
213.0
224.0
216.0
225.0
217.0
224.0
212.0
218.0
207.0
213.0
203.0
210.0
200.0
211.0
202.0
209.0
206.0
217.0
215.0
217.0
199.0
203.0
195.0
204.0
199.0
207.0
202.0
210.0
204.0
212.0
205.0
213.0
206.0
215.0
209.0
219.0
211.0
217.0
206.0
214.0
205.0
213.0
202.0
210.0
204.0
205.0
199.0
207.0
199.0
206.0
203.0
210.0
207.0
214.0
207.0
213.0
205.0
215.0
210.0
221.0
212.0
214.0
203.0
207.0
200.0
205.0
200.0
207.0
207.0
215.0
203.0
227.0
272.0
333.0
259.0
204.0
181.0
160.0
162.0
184.0
194.0
195.0
193.0
194.0
193.0
205.0
208.0
211.0
200.0
202.0
198.0
204.0
205.0
209.0
210.0
215.0
217.0
219.0
219.0
223.0
220.0
221.0
218.0
216.0
213.0
214.0
212.0
211.0
214.0
216.0
210.0
205.0
201.0
195.0
200.0
201.0
205.0
202.0
193.0
188.0
191.0
186.0
197.0
205.0
214.0
213.0
211.0
204.0
196.0
188.0
190.0
194.0
202.0
201.0
213.0
214.0
217.0
214.0
217.0
214.0
216.0
214.0
215.0
211.0
212.0
206.0
213.0
205.0
208.0
208.0
211.0
209.0
212.0
206.0
214.0
209.0
213.0
211.0
218.0
212.0
218.0
213.0
219.0
215.0
220.0
217.0
223.0
217.0
222.0
215.0
220.0
214.0
219.0
212.0
214.0
208.0
216.0
207.0
211.0
208.0
215.0
209.0
214.0
203.0
209.0
235.0
308.0
310.0
236.0
201.0
172.0
162.0
181.0
189.0
201.0
192.0
201.0
194.0
203.0
199.0
208.0
200.0
208.0
200.0
209.0
204.0
211.0
203.0
212.0
209.0
217.0
212.0
223.0
214.0
221.0
214.0
220.0
212.0
216.0
209.0
213.0
206.0
209.0
202.0
210.0
203.0
210.0
204.0
212.0
204.0
212.0
205.0
209.0
201.0
206.0
200.0
209.0
203.0
210.0
204.0
211.0
204.0
212.0
207.0
212.0
205.0
210.0
203.0
214.0
213.0
221.0
216.0
216.0
208.0
215.0
206.0
212.0
206.0
219.0
215.0
221.0
215.0
218.0
207.0
209.0
201.0
208.0
207.0
210.0
205.0
207.0
205.0
208.0
205.0
210.0
205.0
211.0
206.0
198.0
205.0
254.0
341.0
288.0
200.0
205.0
160.0
163.0
173.0
194.0
194.0
201.0
198.0
202.0
201.0
205.0
201.0
200.0
198.0
201.0
202.0
208.0
208.0
209.0
210.0
211.0
212.0
216.0
215.0
214.0
215.0
216.0
217.0
216.0
211.0
211.0
207.0
208.0
207.0
206.0
207.0
208.0
208.0
206.0
210.0
212.0
210.0
213.0
213.0
207.0
209.0
206.0
207.0
205.0
206.0
202.0
200.0
198.0
201.0
198.0
201.0
201.0
202.0
202.0
204.0
200.0
206.0
200.0
205.0
206.0
209.0
206.0
209.0
208.0
212.0
208.0
212.0
208.0
212.0
208.0
212.0
210.0
214.0
211.0
216.0
211.0
216.0
214.0
216.0
210.0
217.0
206.0
209.0
204.0
210.0
206.0
213.0
206.0
239.0
297.0
322.0
230.0
207.0
168.0
167.0
170.0
194.0
194.0
204.0
198.0
204.0
199.0
209.0
200.0
207.0
198.0
203.0
197.0
206.0
207.0
216.0
210.0
218.0
214.0
222.0
215.0
225.0
219.0
222.0
217.0
222.0
212.0
217.0
206.0
208.0
199.0
207.0
199.0
206.0
198.0
207.0
200.0
209.0
200.0
208.0
200.0
207.0
201.0
210.0
205.0
216.0
207.0
215.0
207.0
213.0
205.0
215.0
206.0
213.0
204.0
210.0
202.0
213.0
203.0
212.0
204.0
211.0
203.0
213.0
205.0
214.0
208.0
215.0
210.0
215.0
210.0
217.0
209.0
214.0
206.0
214.0
206.0
210.0
206.0
213.0
207.0
214.0
209.0
216.0
209.0
215.0
207.0
214.0
208.0
213.0
208.0
213.0
208.0
210.0
204.0
232.0
284.0
325.0
237.0
203.0
171.0
166.0
167.0
189.0
192.0
202.0
196.0
205.0
198.0
203.0
201.0
206.0
204.0
207.0
204.0
208.0
207.0
210.0
212.0
215.0
215.0
219.0
218.0
221.0
219.0
222.0
217.0
217.0
213.0
210.0
208.0
208.0
206.0
209.0
206.0
206.0
203.0
208.0
207.0
209.0
209.0
207.0
205.0
204.0
203.0
205.0
202.0
203.0
206.0
205.0
205.0
208.0
206.0
207.0
207.0
207.0
211.0
209.0
211.0
209.0
210.0
208.0
210.0
212.0
216.0
213.0
212.0
208.0
210.0
206.0
209.0
206.0
209.0
209.0
213.0
211.0
212.0
213.0
217.0
215.0
213.0
210.0
212.0
214.0
215.0
211.0
215.0
211.0
216.0
207.0
219.0
220.0
226.0
216.0
208.0
204.0
246.0
323.0
300.0
208.0
203.0
155.0
158.0
162.0
186.0
186.0
195.0
193.0
203.0
199.0
207.0
200.0
208.0
202.0
209.0
203.0
212.0
205.0
210.0
203.0
210.0
205.0
218.0
212.0
220.0
212.0
222.0
215.0
217.0
208.0
213.0
203.0
207.0
202.0
209.0
204.0
215.0
210.0
219.0
215.0
223.0
216.0
229.0
223.0
227.0
214.0
210.0
197.0
203.0
186.0
184.0
169.0
180.0
179.0
197.0
199.0
211.0
204.0
216.0
206.0
208.0
195.0
202.0
196.0
202.0
193.0
201.0
198.0
212.0
206.0
215.0
212.0
221.0
216.0
225.0
218.0
224.0
213.0
221.0
213.0
217.0
208.0
216.0
211.0
222.0
215.0
220.0
206.0
232.0
284.0
330.0
242.0
215.0
187.0
177.0
175.0
196.0
198.0
203.0
203.0
213.0
205.0
209.0
201.0
203.0
190.0
199.0
190.0
199.0
194.0
203.0
200.0
208.0
199.0
203.0
201.0
217.0
214.0
216.0
212.0
216.0
213.0
219.0
211.0
215.0
209.0
212.0
204.0
206.0
202.0
208.0
205.0
210.0
209.0
213.0
210.0
212.0
205.0
205.0
199.0
204.0
202.0
207.0
203.0
207.0
207.0
211.0
209.0
213.0
210.0
212.0
209.0
213.0
211.0
214.0
215.0
217.0
215.0
215.0
211.0
210.0
205.0
204.0
204.0
206.0
205.0
208.0
208.0
208.0
211.0
208.0
211.0
211.0
210.0
211.0
211.0
212.0
209.0
208.0
206.0
205.0
213.0
213.0
217.0
213.0
215.0
215.0
217.0
217.0
214.0
228.0
282.0
324.0
250.0
193.0
170.0
150.0
160.0
178.0
192.0
192.0
199.0
196.0
201.0
199.0
209.0
202.0
206.0
198.0
205.0
200.0
206.0
200.0
208.0
206.0
212.0
209.0
216.0
212.0
222.0
214.0
222.0
215.0
220.0
210.0
219.0
211.0
219.0
214.0
220.0
210.0
216.0
209.0
218.0
209.0
217.0
210.0
218.0
206.0
212.0
204.0
209.0
201.0
209.0
203.0
211.0
201.0
209.0
202.0
211.0
204.0
213.0
204.0
212.0
202.0
210.0
202.0
216.0
209.0
