217.0
209.0
212.0
203.0
206.0
196.0
201.0
202.0
206.0
203.0
209.0
203.0
212.0
205.0
211.0
203.0
211.0
204.0
207.0
207.0
220.0
213.0
223.0
212.0
212.0
206.0
212.0
202.0
211.0
205.0
212.0
208.0
212.0
206.0
214.0
207.0
218.0
216.0
269.0
299.0
206.0
144.0
195.0
210.0
213.0
207.0
213.0
210.0
219.0
210.0
218.0
213.0
218.0
216.0
220.0
211.0
220.0
211.0
219.0
211.0
220.0
210.0
216.0
206.0
205.0
192.0
196.0
190.0
196.0
194.0
203.0
194.0
207.0
200.0
206.0
198.0
206.0
200.0
208.0
203.0
209.0
202.0
211.0
208.0
214.0
211.0
212.0
208.0
213.0
207.0
212.0
209.0
207.0
200.0
206.0
203.0
208.0
206.0
212.0
206.0
214.0
212.0
218.0
216.0
220.0
215.0
209.0
208.0
214.0
207.0
209.0
208.0
212.0
211.0
215.0
213.0
219.0
215.0
221.0
223.0
299.0
267.0
172.0
165.0
199.0
206.0
211.0
208.0
209.0
210.0
217.0
217.0
217.0
218.0
219.0
219.0
219.0
216.0
217.0
215.0
211.0
215.0
214.0
216.0
211.0
207.0
203.0
198.0
196.0
192.0
193.0
196.0
197.0
200.0
201.0
202.0
201.0
203.0
204.0
205.0
205.0
211.0
209.0
215.0
213.0
218.0
214.0
216.0
212.0
210.0
208.0
208.0
202.0
208.0
207.0
208.0
206.0
211.0
213.0
215.0
208.0
217.0
209.0
207.0
203.0
210.0
208.0
209.0
209.0
214.0
209.0
215.0
209.0
214.0
213.0
223.0
219.0
281.0
297.0
191.0
155.0
199.0
208.0
211.0
205.0
211.0
210.0
216.0
207.0
217.0
210.0
217.0
214.0
219.0
213.0
218.0
213.0
219.0
212.0
217.0
207.0
212.0
196.0
199.0
189.0
191.0
184.0
191.0
184.0
194.0
188.0
197.0
197.0
202.0
197.0
206.0
202.0
211.0
205.0
210.0
208.0
216.0
211.0
216.0
208.0
214.0
209.0
212.0
205.0
207.0
203.0
209.0
201.0
210.0
205.0
210.0
202.0
210.0
206.0
210.0
210.0
213.0
208.0
210.0
203.0
206.0
204.0
208.0
203.0
209.0
207.0
214.0
209.0
213.0
206.0
213.0
213.0
221.0
263.0
314.0
196.0
158.0
195.0
226.0
216.0
232.0
241.0
256.0
269.0
284.0
282.0
288.0
274.0
275.0
264.0
261.0
256.0
261.0
263.0
267.0
263.0
268.0
265.0
263.0
257.0
250.0
244.0
236.0
226.0
218.0
207.0
204.0
192.0
186.0
178.0
174.0
169.0
170.0
174.0
175.0
176.0
185.0
183.0
189.0
188.0
188.0
195.0
196.0
195.0
194.0
196.0
192.0
193.0
193.0
193.0
190.0
193.0
195.0
198.0
198.0
197.0
200.0
201.0
194.0
197.0
198.0
193.0
191.0
185.0
187.0
186.0
184.0
189.0
185.0
189.0
188.0
192.0
192.0
199.0
195.0
200.0
208.0
291.0
225.0
149.0
166.0
199.0
201.0
201.0
201.0
208.0
209.0
216.0
211.0
217.0
208.0
212.0
205.0
211.0
200.0
208.0
201.0
209.0
209.0
218.0
210.0
215.0
204.0
204.0
195.0
201.0
192.0
201.0
195.0
201.0
197.0
202.0
198.0
207.0
202.0
204.0
200.0
213.0
208.0
222.0
215.0
226.0
216.0
223.0
214.0
215.0
203.0
205.0
194.0
201.0
193.0
200.0
197.0
201.0
199.0
206.0
202.0
212.0
208.0
218.0
213.0
225.0
220.0
229.0
221.0
227.0
213.0
219.0
214.0
225.0
218.0
220.0
212.0
214.0
206.0
205.0
197.0
200.0
196.0
214.0
202.0
265.0
290.0
193.0
139.0
188.0
208.0
208.0
206.0
217.0
210.0
214.0
218.0
219.0
212.0
216.0
208.0
211.0
202.0
205.0
194.0
200.0
202.0
207.0
201.0
201.0
198.0
195.0
192.0
192.0
185.0
192.0
191.0
195.0
192.0
197.0
203.0
202.0
198.0
206.0
206.0
210.0
211.0
213.0
217.0
215.0
219.0
221.0
226.0
228.0
227.0
229.0
222.0
225.0
210.0
212.0
208.0
209.0
207.0
214.0
222.0
223.0
226.0
224.0
229.0
224.0
222.0
226.0
224.0
222.0
219.0
217.0
218.0
213.0
208.0
207.0
196.0
191.0
190.0
187.0
188.0
188.0
191.0
194.0
199.0
204.0
207.0
202.0
207.0
215.0
221.0
276.0
298.0
188.0
148.0
180.0
197.0
188.0
192.0
188.0
199.0
200.0
207.0
205.0
211.0
207.0
211.0
209.0
214.0
212.0
219.0
219.0
227.0
226.0
232.0
231.0
237.0
235.0
242.0
240.0
248.0
245.0
249.0
239.0
238.0
224.0
215.0
191.0
182.0
165.0
160.0
152.0
159.0
163.0
178.0
180.0
193.0
189.0
194.0
180.0
179.0
163.0
162.0
155.0
160.0
156.0
164.0
163.0
171.0
169.0
179.0
173.0
183.0
177.0
187.0
181.0
193.0
193.0
205.0
199.0
212.0
210.0
217.0
214.0
221.0
214.0
218.0
210.0
210.0
198.0
200.0
195.0
200.0
201.0
206.0
206.0
214.0
206.0
212.0
203.0
205.0
198.0
201.0
248.0
285.0
189.0
154.0
184.0
211.0
206.0
213.0
207.0
216.0
212.0
217.0
211.0
216.0
206.0
208.0
203.0
206.0
203.0
207.0
207.0
213.0
213.0
218.0
215.0
217.0
211.0
214.0
207.0
211.0
207.0
216.0
215.0
222.0
222.0
226.0
222.0
223.0
217.0
219.0
215.0
218.0
217.0
226.0
230.0
237.0
232.0
235.0
230.0
229.0
224.0
226.0
218.0
216.0
206.0
208.0
206.0
208.0
208.0
211.0
210.0
215.0
220.0
222.0
220.0
222.0
216.0
207.0
202.0
204.0
204.0
199.0
198.0
194.0
191.0
186.0
185.0
186.0
189.0
193.0
199.0
220.0
300.0
228.0
138.0
163.0
193.0
192.0
193.0
193.0
197.0
196.0
199.0
198.0
201.0
196.0
198.0
196.0
200.0
193.0
198.0
197.0
200.0
198.0
203.0
200.0
203.0
195.0
196.0
187.0
189.0
191.0
201.0
202.0
207.0
205.0
209.0
205.0
205.0
192.0
181.0
154.0
132.0
98.0
80.0
60.0
59.0
49.0
57.0
57.0
78.0
99.0
137.0
163.0
190.0
196.0
218.0
230.0
246.0
243.0
247.0
233.0
238.0
230.0
236.0
225.0
224.0
207.0
203.0
195.0
205.0
208.0
225.0
236.0
264.0
276.0
289.0
277.0
270.0
239.0
214.0
174.0
147.0
106.0
87.0
63.0
54.0
37.0
38.0
17.0
18.0
19.0
51.0
80.0
192.0
216.0
157.0
159.0
237.0
294.0
341.0
363.0
383.0
377.0
376.0
358.0
355.0
341.0
336.0
305.0
272.0
214.0
163.0
95.0
41.0
0.0
0.0
0.0
0.0
0.0
0.0
0.0
0.0
0.0
0.0
29.0
63.0
86.0
128.0
173.0
227.0
257.0
287.0
308.0
336.0
344.0
359.0
360.0
354.0
329.0
305.0
263.0
227.0
189.0
175.0
163.0
158.0
157.0
170.0
184.0
197.0
197.0
223.0
250.0
278.0
304.0
331.0
350.0
371.0
385.0
392.0
392.0
393.0
383.0
369.0
351.0
329.0
304.0
286.0
272.0
265.0
256.0
250.0
247.0
240.0
233.0
236.0
242.0
246.0
259.0
280.0
295.0
308.0
323.0
335.0
348.0
359.0
365.0
366.0
405.0
453.0
356.0
292.0
320.0
335.0
336.0
328.0
328.0
328.0
325.0
313.0
306.0
286.0
272.0
253.0
247.0
238.0
235.0
228.0
228.0
224.0
236.0
239.0
254.0
252.0
261.0
263.0
270.0
272.0
274.0
268.0
271.0
265.0
266.0
263.0
267.0
260.0
256.0
244.0
248.0
242.0
250.0
251.0
254.0
248.0
248.0
232.0
225.0
204.0
199.0
187.0
187.0
181.0
184.0
174.0
178.0
172.0
177.0
168.0
169.0
155.0
152.0
131.0
123.0
104.0
98.0
84.0
84.0
79.0
89.0
97.0
126.0
130.0
156.0
170.0
190.0
192.0
239.0
277.0
310.0
339.0
365.0
357.0
347.0
325.0
315.0
304.0
310.0
298.0
284.0
312.0
334.0
213.0
147.0
165.0
176.0
145.0
130.0
116.0
118.0
112.0
132.0
128.0
144.0
126.0
129.0
135.0
148.0
164.0
179.0
180.0
179.0
162.0
149.0
117.0
102.0
82.0
61.0
31.0
28.0
29.0
32.0
47.0
71.0
91.0
104.0
108.0
133.0
134.0
147.0
153.0
161.0
165.0
188.0
191.0
191.0
204.0
224.0
230.0
240.0
247.0
245.0
233.0
232.0
215.0
213.0
194.0
204.0
182.0
172.0
157.0
136.0
97.0
87.0
74.0
71.0
53.0
47.0
43.0
44.0
57.0
85.0
106.0
127.0
160.0
182.0
205.0
219.0
242.0
271.0
288.0
312.0
320.0
310.0
313.0
320.0
336.0
348.0
388.0
409.0
427.0
421.0
439.0
522.0
495.0
404.0
350.0
332.0
257.0
163.0
100.0
36.0
7.0
5.0
6.0
23.0
64.0
97.0
154.0
201.0
248.0
290.0
313.0
320.0
329.0
326.0
322.0
302.0
297.0
287.0
275.0
269.0
271.0
271.0
281.0
285.0
283.0
290.0
291.0
293.0
302.0
300.0
310.0
312.0
309.0
300.0
307.0
291.0
295.0
284.0
283.0
276.0
271.0
268.0
260.0
251.0
252.0
250.0
250.0
250.0
249.0
245.0
258.0
240.0
249.0
240.0
242.0
237.0
243.0
236.0
243.0
228.0
234.0
224.0
215.0
200.0
212.0
207.0
209.0
208.0
209.0
206.0
206.0
202.0
208.0
194.0
204.0
197.0
224.0
297.0
235.0
150.0
178.0
195.0
204.0
196.0
206.0
195.0
206.0
203.0
209.0
204.0
206.0
197.0
204.0
200.0
200.0
199.0
205.0
207.0
217.0
215.0
212.0
210.0
214.0
207.0
206.0
201.0
196.0
192.0
200.0
195.0
198.0
194.0
209.0
196.0
203.0
198.0
204.0
202.0
209.0
205.0
207.0
202.0
198.0
197.0
204.0
197.0
196.0
196.0
198.0
193.0
196.0
199.0
198.0
196.0
202.0
205.0
198.0
201.0
201.0
199.0
200.0
199.0
209.0
200.0
200.0
202.0
204.0
199.0
204.0
200.0
196.0
188.0
195.0
200.0
192.0
195.0
195.0
198.0
196.0
188.0
198.0
197.0
198.0
205.0
210.0
283.0
253.0
151.0
153.0
188.0
197.0
198.0
194.0
203.0
199.0
206.0
195.0
211.0
205.0
207.0
209.0
211.0
208.0
207.0
199.0
205.0
203.0
204.0
204.0
203.0
200.0
198.0
185.0
190.0
187.0
187.0
188.0
199.0
194.0
190.0
191.0
199.0
185.0
198.0
185.0
200.0
195.0
203.0
205.0
212.0
209.0
208.0
205.0
207.0
203.0
205.0
208.0
205.0
205.0
215.0
205.0
212.0
209.0
204.0
207.0
211.0
206.0
212.0
214.0
214.0
201.0
219.0
204.0
211.0
207.0
212.0
203.0
210.0
202.0
212.0
199.0
212.0
211.0
217.0
209.0
222.0
202.0
211.0
197.0
203.0
205.0
205.0
198.0
203.0
204.0
200.0
203.0
205.0
200.0
210.0
206.0
215.0
261.0
292.0
184.0
152.0
187.0
209.0
200.0
211.0
202.0
205.0
204.0
207.0
200.0
205.0
204.0
205.0
201.0
209.0
212.0
215.0
214.0
223.0
213.0
214.0
205.0
210.0
208.0
200.0
194.0
201.0
189.0
190.0
191.0
198.0
198.0
197.0
197.0
206.0
195.0
203.0
204.0
205.0
204.0
212.0
204.0
209.0
204.0
204.0
202.0
207.0
204.0
208.0
209.0
211.0
203.0
207.0
205.0
205.0
203.0
206.0
208.0
205.0
205.0
207.0
207.0
214.0
212.0
214.0
202.0
205.0
205.0
210.0
208.0
206.0
205.0
208.0
202.0
208.0
208.0
206.0
209.0
212.0
214.0
288.0
260.0
164.0
166.0
209.0
207.0
209.0
210.0
207.0
208.0
210.0
211.0
215.0
214.0
215.0
215.0
213.0
215.0
212.0
211.0
211.0
215.0
209.0
214.0
206.0
203.0
198.0
193.0
188.0
188.0
185.0
192.0
192.0
197.0
199.0
200.0
200.0
199.0
201.0
209.0
201.0
208.0
203.0
211.0
207.0
211.0
203.0
204.0
195.0
195.0
179.0
178.0
170.0
170.0
145.0
156.0
123.0
137.0
120.0
98.0
70.0
34.0
0.0
0.0
0.0
0.0
0.0
0.0
0.0
0.0
0.0
0.0
0.0
0.0
0.0
0.0
0.0
0.0
0.0
0.0
2.0
81.0
114.0
170.0
220.0
281.0
337.0
390.0
431.0
474.0
504.0
537.0
545.0
536.0
501.0
449.0
356.0
259.0
152.0
53.0
0.0
0.0
0.0
0.0
0.0
0.0
0.0
0.0
0.0
0.0
76.0
163.0
258.0
360.0
441.0
500.0
523.0
535.0
526.0
535.0
513.0
522.0
521.0
536.0
549.0
576.0
591.0
616.0
627.0
640.0
634.0
624.0
599.0
580.0
540.0
504.0
457.0
424.0
377.0
369.0
344.0
337.0
329.0
333.0
335.0
342.0
345.0
342.0
340.0
348.0
341.0
337.0
336.0
412.0
334.0
252.0
259.0
287.0
283.0
287.0
285.0
291.0
288.0
302.0
300.0
301.0
296.0
304.0
297.0
292.0
278.0
276.0
270.0
261.0
256.0
252.0
248.0
247.0
244.0
240.0
234.0
228.0
221.0
213.0
212.0
213.0
207.0
208.0
205.0
208.0
205.0
207.0
202.0
205.0
209.0
207.0
215.0
212.0
220.0
220.0
227.0
220.0
226.0
224.0
219.0
216.0
214.0
212.0
215.0
209.0
216.0
200.0
206.0
199.0
204.0
206.0
210.0
215.0
213.0
204.0
203.0
198.0
196.0
189.0
192.0
190.0
195.0
191.0
191.0
187.0
194.0
193.0
206.0
205.0
262.0
300.0
199.0
145.0
188.0
203.0
208.0
201.0
208.0
204.0
210.0
204.0
207.0
197.0
198.0
183.0
177.0
165.0
161.0
144.0
144.0
127.0
114.0
91.0
88.0
80.0
91.0
91.0
103.0
100.0
107.0
98.0
101.0
95.0
101.0
95.0
104.0
98.0
107.0
104.0
116.0
114.0
127.0
130.0
145.0
145.0
159.0
151.0
151.0
130.0
117.0
86.0
74.0
44.0
26.0
0.0
3.0
0.0
14.0
23.0
55.0
75.0
112.0
138.0
177.0
197.0
228.0
237.0
255.0
254.0
264.0
263.0
272.0
271.0
281.0
285.0
297.0
297.0
302.0
303.0
307.0
301.0
303.0
291.0
293.0
276.0
280.0
280.0
277.0
276.0
289.0
288.0
297.0
298.0
300.0
351.0
393.0
282.0
242.0
272.0
291.0
282.0
279.0
276.0
275.0
270.0
271.0
260.0
264.0
254.0
253.0
256.0
258.0
256.0
258.0
265.0
272.0
275.0
275.0
283.0
281.0
278.0
276.0
267.0
260.0
254.0
255.0
246.0
247.0
243.0
235.0
235.0
228.0
228.0
231.0
223.0
227.0
222.0
222.0
228.0
221.0
225.0
217.0
219.0
203.0
212.0
204.0
215.0
223.0
226.0
228.0
231.0
221.0
223.0
226.0
228.0
227.0
237.0
233.0
235.0
227.0
231.0
221.0
228.0
228.0
233.0
240.0
243.0
230.0
232.0
224.0
222.0
207.0
208.0
201.0
204.0
197.0
200.0
187.0
191.0
190.0
199.0
182.0
206.0
193.0
261.0
264.0
175.0
138.0
169.0
181.0
187.0
182.0
181.0
182.0
183.0
179.0
177.0
170.0
164.0
165.0
174.0
166.0
175.0
173.0
179.0
180.0
190.0
200.0
202.0
199.0
195.0
186.0
198.0
183.0
186.0
175.0
185.0
173.0
179.0
176.0
183.0
182.0
186.0
181.0
186.0
185.0
195.0
191.0
196.0
191.0
187.0
177.0
188.0
178.0
186.0
182.0
190.0
184.0
197.0
193.0
193.0
192.0
200.0
193.0
202.0
194.0
202.0
201.0
211.0
202.0
203.0
194.0
202.0
193.0
199.0
193.0
198.0
193.0
198.0
197.0
203.0
198.0
197.0
200.0
210.0
205.0
261.0
289.0
198.0
134.0
184.0
202.0
202.0
204.0
208.0
206.0
209.0
208.0
216.0
212.0
211.0
207.0
213.0
214.0
211.0
212.0
219.0
213.0
214.0
214.0
212.0
207.0
204.0
195.0
195.0
195.0
194.0
192.0
191.0
193.0
195.0
195.0
195.0
194.0
198.0
202.0
205.0
200.0
203.0
206.0
210.0
205.0
207.0
207.0
208.0
209.0
215.0
203.0
205.0
209.0
211.0
205.0
205.0
211.0
209.0
212.0
207.0
206.0
208.0
212.0
204.0
210.0
205.0
211.0
212.0
210.0
206.0
213.0
204.0
214.0
210.0
218.0
210.0
210.0
208.0
206.0
200.0
206.0
194.0
198.0
198.0
202.0
201.0
200.0
197.0
204.0
200.0
215.0
208.0
276.0
279.0
186.0
147.0
192.0
206.0
206.0
202.0
206.0
204.0
219.0
204.0
210.0
208.0
213.0
205.0
213.0
211.0
214.0
208.0
212.0
209.0
212.0
196.0
209.0
193.0
199.0
191.0
192.0
183.0
192.0
190.0
198.0
194.0
199.0
200.0
203.0
202.0
205.0
204.0
200.0
202.0
205.0
201.0
212.0
203.0
204.0
206.0
211.0
204.0
209.0
207.0
217.0
197.0
209.0
198.0
212.0
199.0
208.0
199.0
208.0
209.0
210.0
213.0
217.0
215.0
213.0
211.0
212.0
206.0
221.0
210.0
212.0
205.0
217.0
207.0
216.0
207.0
212.0
205.0
212.0
205.0
214.0
213.0
222.0
214.0
217.0
216.0
207.0
199.0
208.0
206.0
208.0
209.0
210.0
204.0
205.0
208.0
216.0
207.0
223.0
218.0
278.0
278.0
185.0
161.0
196.0
213.0
211.0
215.0
212.0
211.0
214.0
211.0
213.0
214.0
221.0
215.0
229.0
221.0
227.0
228.0
228.0
228.0
232.0
227.0
226.0
219.0
214.0
209.0
210.0
204.0
197.0
203.0
199.0
200.0
200.0
195.0
200.0
201.0
203.0
201.0
204.0
203.0
205.0
211.0
207.0
210.0
208.0
206.0
206.0
206.0
199.0
203.0
203.0
206.0
206.0
209.0
208.0
214.0
210.0
214.0
203.0
211.0
213.0
212.0
211.0
212.0
207.0
217.0
209.0
214.0
211.0
214.0
212.0
217.0
218.0
217.0
212.0
221.0
213.0
210.0
209.0
209.0
210.0
215.0
215.0
213.0
207.0
207.0
202.0
209.0
208.0
215.0
209.0
233.0
305.0
246.0
159.0
187.0
208.0
219.0
211.0
220.0
215.0
221.0
212.0
211.0
200.0
206.0
199.0
207.0
201.0
213.0
206.0
214.0
210.0
222.0
221.0
217.0
214.0
218.0
210.0
206.0
198.0
198.0
186.0
188.0
186.0
187.0
185.0
193.0
187.0
191.0
187.0
203.0
198.0
212.0
198.0
206.0
200.0
211.0
198.0
209.0
204.0
216.0
213.0
218.0
215.0
220.0
217.0
218.0
220.0
229.0
222.0
233.0
230.0
237.0
234.0
236.0
230.0
234.0
227.0
226.0
219.0
227.0
217.0
214.0
221.0
226.0
214.0
216.0
214.0
213.0
205.0
210.0
204.0
203.0
201.0
199.0
192.0
201.0
199.0
204.0
238.0
311.0
230.0
165.0
196.0
221.0
223.0
224.0
217.0
213.0
210.0
207.0
200.0
196.0
194.0
194.0
193.0
190.0
191.0
197.0
198.0
202.0
200.0
200.0
196.0
191.0
189.0
188.0
188.0
188.0
189.0
190.0
187.0
192.0
194.0
194.0
197.0
199.0
198.0
201.0
207.0
217.0
213.0
220.0
224.0
221.0
218.0
209.0
206.0
201.0
194.0
194.0
187.0
190.0
192.0
191.0
200.0
200.0
209.0
205.0
209.0
199.0
212.0
204.0
212.0
217.0
220.0
216.0
231.0
200.0
202.0
197.0
203.0
199.0
209.0
213.0
219.0
222.0
223.0
215.0
220.0
218.0
220.0
219.0
278.0
294.0
185.0
133.0
181.0
198.0
202.0
192.0
204.0
202.0
211.0
205.0
218.0
216.0
218.0
210.0
214.0
211.0
217.0
209.0
214.0
209.0
216.0
210.0
220.0
208.0
216.0
190.0
201.0
191.0
195.0
192.0
198.0
189.0
202.0
189.0
197.0
195.0
205.0
190.0
202.0
200.0
205.0
200.0
207.0
200.0
206.0
203.0
204.0
199.0
206.0
200.0
204.0
198.0
208.0
201.0
211.0
209.0
219.0
207.0
219.0
214.0
224.0
222.0
230.0
229.0
229.0
232.0
241.0
228.0
231.0
230.0
237.0
230.0
226.0
212.0
208.0
198.0
200.0
199.0
196.0
198.0
201.0
198.0
205.0
205.0
206.0
208.0
205.0
210.0
218.0
276.0
257.0
160.0
155.0
185.0
201.0
198.0
206.0
209.0
208.0
210.0
213.0
210.0
217.0
213.0
214.0
215.0
214.0
216.0
219.0
210.0
215.0
219.0
215.0
211.0
207.0
199.0
200.0
194.0
194.0
190.0
195.0
192.0
196.0
197.0
200.0
199.0
200.0
201.0
206.0
202.0
199.0
206.0
200.0
207.0
209.0
215.0
217.0
216.0
221.0
220.0
218.0
208.0
211.0
209.0
206.0
213.0
214.0
214.0
212.0
209.0
213.0
213.0
209.0
215.0
204.0
212.0
207.0
207.0
199.0
206.0
199.0
205.0
195.0
197.0
192.0
191.0
189.0
200.0
199.0
209.0
208.0
209.0
212.0
217.0
213.0
220.0
212.0
224.0
217.0
294.0
287.0
190.0
156.0
191.0
201.0
208.0
198.0
208.0
201.0
210.0
202.0
203.0
199.0
202.0
199.0
205.0
208.0
218.0
210.0
219.0
216.0
218.0
214.0
222.0
209.0
213.0
210.0
203.0
193.0
202.0
191.0
201.0
194.0
207.0
195.0
204.0
197.0
205.0
196.0
213.0
199.0
211.0
203.0
210.0
210.0
210.0
210.0
220.0
208.0
218.0
211.0
213.0
213.0
221.0
218.0
223.0
218.0
229.0
224.0
232.0
218.0
218.0
216.0
214.0
211.0
208.0
202.0
207.0
204.0
208.0
211.0
212.0
211.0
212.0
208.0
209.0
208.0
217.0
222.0
240.0
306.0
271.0
167.0
163.0
192.0
209.0
202.0
208.0
200.0
206.0
199.0
214.0
215.0
219.0
212.0
217.0
212.0
215.0
217.0
215.0
212.0
215.0
211.0
206.0
202.0
195.0
185.0
189.0
177.0
184.0
190.0
192.0
195.0
203.0
209.0
211.0
213.0
222.0
217.0
217.0
218.0
217.0
209.0
208.0
202.0
207.0
202.0
206.0
211.0
215.0
217.0
214.0
217.0
212.0
216.0
210.0
213.0
210.0
209.0
205.0
205.0
206.0
207.0
205.0
210.0
215.0
222.0
219.0
218.0
218.0
216.0
211.0
207.0
211.0
212.0
209.0
216.0
208.0
212.0
211.0
216.0
213.0
214.0
221.0
228.0
293.0
288.0
174.0
159.0
195.0
214.0
210.0
213.0
205.0
217.0
211.0
215.0
210.0
216.0
209.0
216.0
212.0
214.0
213.0
220.0
217.0
226.0
225.0
232.0
225.0
228.0
217.0
220.0
207.0
206.0
193.0
194.0
185.0
190.0
183.0
191.0
182.0
184.0
176.0
178.0
165.0
167.0
155.0
159.0
152.0
159.0
153.0
158.0
146.0
154.0
146.0
154.0
148.0
158.0
153.0
165.0
161.0
172.0
168.0
182.0
180.0
194.0
194.0
203.0
198.0
209.0
206.0
217.0
213.0
221.0
219.0
225.0
220.0
226.0
222.0
231.0
226.0
231.0
225.0
227.0
218.0
221.0
212.0
217.0
209.0
214.0
208.0
213.0
205.0
206.0
198.0
203.0
201.0
215.0
230.0
313.0
231.0
160.0
181.0
218.0
211.0
216.0
213.0
218.0
218.0
226.0
224.0
232.0
225.0
233.0
228.0
234.0
229.0
232.0
224.0
227.0
224.0
225.0
221.0
220.0
214.0
214.0
207.0
207.0
201.0
198.0
194.0
197.0
196.0
199.0
201.0
203.0
205.0
208.0
210.0
211.0
212.0
213.0
213.0
218.0
224.0
228.0
229.0
239.0
242.0
247.0
244.0
241.0
238.0
231.0
236.0
225.0
227.0
229.0
235.0
236.0
241.0
240.0
247.0
243.0
242.0
242.0
236.0
230.0
237.0
231.0
232.0
230.0
237.0
245.0
240.0
239.0
242.0
240.0
251.0
256.0
241.0
244.0
248.0
239.0
242.0
235.0
245.0
237.0
242.0
229.0
239.0
233.0
227.0
223.0
229.0
227.0
239.0
248.0
338.0
266.0
203.0
224.0
270.0
289.0
312.0
330.0
356.0
391.0
440.0
473.0
511.0
525.0
547.0
552.0
580.0
607.0
633.0
622.0
618.0
576.0
510.0
408.0
312.0
206.0
122.0
62.0
43.0
45.0
101.0
118.0
146.0
152.0
167.0
169.0
164.0
146.0
147.0
138.0
144.0
136.0
150.0
149.0
164.0
143.0
146.0
146.0
160.0
175.0
168.0
165.0
174.0
170.0
185.0
180.0
199.0
193.0
199.0
190.0
199.0
189.0
201.0
205.0
211.0
216.0
220.0
223.0
219.0
193.0
176.0
151.0
127.0
102.0
81.0
69.0
63.0
58.0
60.0
58.0
85.0
87.0
99.0
103.0
116.0
183.0
198.0
104.0
71.0
103.0
123.0
123.0
125.0
121.0
132.0
138.0
147.0
150.0
149.0
158.0
152.0
155.0
161.0
158.0
162.0
163.0
165.0
174.0
178.0
182.0
173.0
171.0
162.0
153.0
147.0
147.0
151.0
154.0
163.0
163.0
166.0
167.0
167.0
169.0
166.0
169.0
169.0
172.0
171.0
179.0
186.0
192.0
195.0
201.0
198.0
192.0
198.0
195.0
191.0
191.0
187.0
184.0
183.0
184.0
182.0
186.0
197.0
204.0
197.0
209.0
208.0
219.0
210.0
215.0
210.0
196.0
186.0
190.0
189.0
194.0
197.0
204.0
203.0
210.0
209.0
251.0
322.0
226.0
129.0
166.0
194.0
197.0
194.0
204.0
198.0
209.0
210.0
211.0
213.0
217.0
215.0
223.0
211.0
223.0
215.0
220.0
213.0
214.0
206.0
206.0
198.0
200.0
197.0
203.0
199.0
197.0
191.0
198.0
189.0
202.0
198.0
206.0
203.0
213.0
208.0
207.0
206.0
211.0
207.0
215.0
205.0
211.0
200.0
206.0
198.0
204.0
203.0
210.0
207.0
216.0
215.0
220.0
216.0
221.0
220.0
223.0
214.0
229.0
215.0
220.0
217.0
222.0
208.0
214.0
213.0
226.0
225.0
230.0
226.0
218.0
212.0
219.0
198.0
215.0
205.0
211.0
208.0
216.0
213.0
223.0
210.0
212.0
208.0
215.0
209.0
266.0
305.0
187.0
134.0
182.0
201.0
204.0
199.0
209.0
204.0
218.0
215.0
222.0
213.0
217.0
213.0
215.0
211.0
220.0
214.0
224.0
215.0
224.0
216.0
222.0
208.0
210.0
206.0
205.0
197.0
190.0
193.0
196.0
197.0
198.0
197.0
203.0
199.0
204.0
207.0
199.0
204.0
203.0
203.0
206.0
209.0
208.0
211.0
202.0
205.0
212.0
211.0
209.0
208.0
204.0
206.0
208.0
209.0
208.0
209.0
214.0
214.0
216.0
217.0
212.0
214.0
216.0
216.0
217.0
219.0
216.0
218.0
218.0
227.0
214.0
220.0
220.0
217.0
208.0
212.0
201.0
209.0
209.0
211.0
217.0
214.0
215.0
218.0
218.0
221.0
222.0
241.0
311.0
245.0
167.0
187.0
211.0
222.0
217.0
224.0
220.0
227.0
220.0
229.0
230.0
227.0
229.0
232.0
222.0
230.0
225.0
235.0
225.0
231.0
222.0
229.0
215.0
222.0
208.0
215.0
200.0
216.0
202.0
209.0
205.0
212.0
208.0
220.0
207.0
221.0
208.0
220.0
214.0
215.0
207.0
211.0
206.0
212.0
202.0
204.0
201.0
207.0
203.0
205.0
200.0
201.0
194.0
209.0
185.0
203.0
193.0
203.0
200.0
209.0
204.0
208.0
204.0
210.0
196.0
209.0
201.0
204.0
198.0
210.0
200.0
203.0
196.0
207.0
195.0
205.0
203.0
211.0
212.0
211.0
205.0
213.0
210.0
215.0
212.0
224.0
300.0
249.0
159.0
173.0
194.0
208.0
204.0
211.0
210.0
213.0
207.0
214.0
211.0
213.0
209.0
212.0
213.0
215.0
208.0
215.0
210.0
213.0
211.0
213.0
214.0
207.0
204.0
204.0
201.0
207.0
202.0
204.0
203.0
205.0
204.0
204.0
201.0
209.0
208.0
202.0
205.0
209.0
211.0
211.0
209.0
212.0
205.0
205.0
208.0
195.0
196.0
199.0
195.0
199.0
202.0
200.0
202.0
201.0
202.0
204.0
200.0
200.0
202.0
201.0
207.0
199.0
203.0
202.0
201.0
201.0
203.0
198.0
202.0
205.0
203.0
205.0
207.0
198.0
208.0
195.0
201.0
200.0
199.0
192.0
199.0
195.0
196.0
200.0
201.0
200.0
203.0
204.0
212.0
239.0
312.0
208.0
148.0
173.0
202.0
199.0
205.0
199.0
213.0
203.0
214.0
214.0
213.0
210.0
220.0
208.0
213.0
210.0
215.0
209.0
218.0
217.0
218.0
214.0
218.0
211.0
219.0
210.0
214.0
211.0
225.0
222.0
232.0
229.0
242.0
235.0
244.0
236.0
242.0
235.0
241.0
236.0
242.0
234.0
243.0
233.0
237.0
221.0
223.0
215.0
210.0
196.0
198.0
186.0
191.0
183.0
184.0
172.0
177.0
176.0
184.0
176.0
189.0
182.0
191.0
193.0
191.0
191.0
199.0
192.0
197.0
189.0
203.0
194.0
202.0
199.0
206.0
204.0
207.0
192.0
201.0
195.0
202.0
198.0
205.0
200.0
203.0
199.0
205.0
202.0
207.0
207.0
212.0
216.0
299.0
254.0
166.0
161.0
193.0
199.0
196.0
195.0
198.0
199.0
202.0
200.0
205.0
203.0
204.0
201.0
204.0
203.0
209.0
211.0
213.0
215.0
218.0
212.0
216.0
208.0
203.0
203.0
199.0
196.0
197.0
196.0
194.0
197.0
203.0
204.0
203.0
207.0
208.0
212.0
210.0
211.0
214.0
213.0
211.0
215.0
214.0
208.0
209.0
210.0
209.0
209.0
203.0
208.0
206.0
209.0
209.0
209.0
208.0
214.0
213.0
214.0
214.0
214.0
214.0
216.0
212.0
223.0
215.0
223.0
221.0
225.0
217.0
216.0
212.0
213.0
209.0
209.0
205.0
211.0
209.0
209.0
205.0
210.0
211.0
212.0
216.0
224.0
299.0
257.0
164.0
175.0
200.0
213.0
203.0
214.0
207.0
220.0
220.0
216.0
215.0
223.0
215.0
220.0
214.0
221.0
214.0
219.0
209.0
218.0
215.0
219.0
204.0
211.0
203.0
206.0
196.0
200.0
191.0
198.0
194.0
202.0
202.0
203.0
207.0
202.0
202.0
212.0
204.0
214.0
213.0
218.0
216.0
221.0
210.0
214.0
205.0
211.0
204.0
210.0
208.0
215.0
211.0
214.0
212.0
220.0
216.0
216.0
212.0
216.0
204.0
209.0
203.0
212.0
204.0
210.0
208.0
215.0
206.0
211.0
202.0
207.0
203.0
212.0
217.0
300.0
243.0
170.0
171.0
203.0
208.0
211.0
204.0
211.0
208.0
216.0
213.0
218.0
215.0
217.0
212.0
216.0
217.0
219.0
212.0
214.0
218.0
220.0
216.0
214.0
214.0
209.0
205.0
206.0
202.0
203.0
202.0
205.0
208.0
206.0
207.0
211.0
208.0
212.0
211.0
212.0
212.0
215.0
216.0
218.0
214.0
216.0
211.0
210.0
208.0
206.0
208.0
207.0
205.0
206.0
209.0
209.0
213.0
208.0
213.0
214.0
218.0
212.0
208.0
208.0
205.0
206.0
205.0
202.0
207.0
207.0
209.0
203.0
207.0
204.0
208.0
213.0
211.0
274.0
264.0
175.0
165.0
192.0
211.0
205.0
210.0
206.0
210.0
212.0
214.0
210.0
213.0
210.0
214.0
210.0
219.0
213.0
217.0
219.0
227.0
222.0
226.0
219.0
218.0
209.0
207.0
199.0
204.0
195.0
200.0
190.0
200.0
198.0
201.0
193.0
204.0
196.0
205.0
206.0
207.0
205.0
215.0
210.0
210.0
208.0
210.0
204.0
210.0
207.0
212.0
208.0
214.0
208.0
214.0
208.0
214.0
209.0
216.0
214.0
223.0
214.0
222.0
212.0
214.0
202.0
207.0
206.0
202.0
201.0
206.0
206.0
211.0
203.0
210.0
204.0
212.0
208.0
216.0
230.0
320.0
222.0
158.0
180.0
215.0
215.0
210.0
208.0
215.0
207.0
216.0
212.0
214.0
210.0
217.0
209.0
217.0
213.0
221.0
222.0
220.0
218.0
219.0
212.0
210.0
199.0
203.0
194.0
193.0
187.0
190.0
190.0
196.0
195.0
197.0
193.0
203.0
204.0
209.0
206.0
210.0
202.0
202.0
205.0
198.0
200.0
203.0
204.0
206.0
205.0
214.0
212.0
213.0
212.0
209.0
208.0
207.0
205.0
207.0
206.0
210.0
204.0
211.0
207.0
208.0
209.0
210.0
209.0
209.0
208.0
211.0
211.0
211.0
211.0
207.0
205.0
200.0
204.0
201.0
203.0
203.0
200.0
201.0
205.0
202.0
207.0
200.0
205.0
211.0
214.0
275.0
292.0
184.0
158.0
191.0
210.0
207.0
215.0
208.0
211.0
214.0
218.0
218.0
218.0
213.0
220.0
209.0
217.0
216.0
220.0
217.0
221.0
218.0
219.0
214.0
218.0
206.0
208.0
204.0
204.0
198.0
207.0
197.0
205.0
199.0
205.0
201.0
208.0
202.0
208.0
205.0
211.0
200.0
209.0
204.0
211.0
205.0
209.0
207.0
202.0
199.0
206.0
195.0
201.0
195.0
203.0
197.0
205.0
200.0
211.0
201.0
209.0
208.0
211.0
206.0
209.0
201.0
212.0
202.0
207.0
209.0
206.0
202.0
210.0
203.0
210.0
202.0
210.0
205.0
213.0
210.0
216.0
209.0
211.0
205.0
208.0
203.0
209.0
204.0
205.0
204.0
213.0
206.0
218.0
214.0
219.0
216.0
226.0
222.0
290.0
282.0
179.0
164.0
205.0
209.0
217.0
215.0
218.0
212.0
220.0
215.0
210.0
207.0
211.0
204.0
207.0
208.0
210.0
210.0
219.0
213.0
220.0
215.0
219.0
213.0
215.0
210.0
208.0
203.0
202.0
197.0
199.0
199.0
200.0
202.0
208.0
203.0
212.0
208.0
209.0
210.0
216.0
216.0
219.0
217.0
214.0
216.0
213.0
210.0
210.0
205.0
205.0
199.0
198.0
208.0
207.0
209.0
210.0
213.0
210.0
213.0
212.0
216.0
215.0
214.0
211.0
214.0
214.0
209.0
208.0
212.0
208.0
212.0
216.0
222.0
218.0
225.0
221.0
223.0
213.0
211.0
208.0
209.0
202.0
208.0
208.0
211.0
209.0
214.0
210.0
212.0
211.0
214.0
227.0
319.0
237.0
163.0
178.0
206.0
204.0
210.0
204.0
211.0
212.0
215.0
213.0
215.0
211.0
215.0
208.0
213.0
208.0
216.0
210.0
217.0
215.0
220.0
210.0
214.0
204.0
209.0
198.0
198.0
193.0
193.0
190.0
197.0
193.0
202.0
197.0
208.0
202.0
209.0
204.0
211.0
207.0
213.0
207.0
213.0
209.0
212.0
207.0
216.0
203.0
212.0
202.0
210.0
202.0
210.0
208.0
209.0
204.0
212.0
204.0
214.0
206.0
210.0
206.0
215.0
204.0
213.0
208.0
215.0
206.0
210.0
203.0
210.0
209.0
218.0
210.0
217.0
211.0
211.0
199.0
204.0
205.0
209.0
204.0
213.0
206.0
214.0
207.0
213.0
208.0
213.0
212.0
222.0
288.0
275.0
170.0
159.0
192.0
209.0
204.0
206.0
203.0
214.0
211.0
218.0
212.0
218.0
215.0
214.0
210.0
213.0
214.0
220.0
220.0
221.0
213.0
218.0
213.0
216.0
205.0
203.0
198.0
198.0
200.0
199.0
202.0
199.0
203.0
201.0
201.0
202.0
205.0
202.0
205.0
207.0
207.0
211.0
211.0
213.0
211.0
211.0
206.0
204.0
202.0
199.0
203.0
204.0
206.0
204.0
208.0
206.0
211.0
205.0
212.0
209.0
216.0
212.0
212.0
211.0
213.0
215.0
210.0
210.0
216.0
209.0
214.0
211.0
211.0
210.0
215.0
208.0
215.0
213.0
216.0
211.0
212.0
204.0
206.0
206.0
211.0
206.0
205.0
208.0
209.0
207.0
210.0
212.0
213.0
209.0
219.0
233.0
315.0
238.0
160.0
173.0
213.0
206.0
213.0
204.0
214.0
208.0
214.0
207.0
215.0
211.0
219.0
209.0
219.0
212.0
219.0
212.0
224.0
218.0
224.0
219.0
223.0
211.0
215.0
203.0
202.0
195.0
199.0
192.0
201.0
196.0
202.0
196.0
208.0
198.0
205.0
203.0
206.0
202.0
210.0
205.0
212.0
205.0
211.0
206.0
212.0
204.0
208.0
197.0
208.0
203.0
211.0
204.0
211.0
208.0
215.0
205.0
213.0
208.0
215.0
210.0
213.0
210.0
216.0
211.0
214.0
210.0
212.0
203.0
214.0
207.0
211.0
211.0
216.0
210.0
220.0
211.0
212.0
214.0
217.0
212.0
214.0
209.0
215.0
208.0
217.0
213.0
218.0
217.0
228.0
224.0
305.0
269.0
180.0
171.0
208.0
215.0
216.0
213.0
216.0
214.0
212.0
212.0
216.0
208.0
209.0
208.0
212.0
211.0
218.0
220.0
225.0
225.0
227.0
236.0
263.0
299.0
344.0
394.0
449.0
495.0
532.0
558.0
579.0
581.0
573.0
554.0
529.0
497.0
461.0
423.0
385.0
349.0
319.0
292.0
272.0
252.0
240.0
237.0
223.0
213.0
203.0
192.0
184.0
177.0
158.0
153.0
139.0
121.0
120.0
100.0
97.0
106.0
102.0
116.0
106.0
112.0
101.0
90.0
77.0
72.0
52.0
50.0
35.0
32.0
36.0
42.0
42.0
52.0
50.0
52.0
45.0
44.0
37.0
35.0
30.0
39.0
64.0
168.0
109.0
43.0
75.0
121.0
131.0
145.0
148.0
153.0
147.0
153.0
148.0
156.0
154.0
160.0
159.0
171.0
175.0
186.0
183.0
195.0
189.0
187.0
179.0
177.0
165.0
165.0
157.0
157.0
144.0
146.0
133.0
139.0
137.0
144.0
141.0
150.0
151.0
163.0
165.0
176.0
176.0
187.0
188.0
197.0
196.0
207.0
205.0
214.0
212.0
222.0
218.0
228.0
227.0
239.0
237.0
247.0
242.0
251.0
249.0
256.0
246.0
249.0
240.0
240.0
229.0
236.0
234.0
235.0
224.0
227.0
210.0
207.0
187.0
189.0
180.0
180.0
177.0
181.0
179.0
186.0
186.0
191.0
190.0
203.0
205.0
265.0
310.0
207.0
137.0
186.0
208.0
208.0
203.0
209.0
209.0
213.0
214.0
219.0
219.0
222.0
221.0
219.0
222.0
229.0
227.0
231.0
232.0
236.0
234.0
228.0
224.0
223.0
214.0
212.0
207.0
210.0
207.0
206.0
208.0
209.0
208.0
212.0
210.0
211.0
210.0
210.0
212.0
215.0
215.0
220.0
218.0
218.0
214.0
214.0
214.0
214.0
215.0
218.0
218.0
225.0
226.0
225.0
225.0
224.0
225.0
224.0
229.0
220.0
228.0
226.0
229.0
227.0
230.0
226.0
232.0
229.0
232.0
226.0
225.0
222.0
222.0
220.0
227.0
223.0
225.0
223.0
222.0
212.0
217.0
215.0
218.0
212.0
217.0
215.0
223.0
216.0
222.0
215.0
221.0
218.0
227.0
234.0
318.0
240.0
161.0
178.0
218.0
210.0
217.0
208.0
217.0
212.0
218.0
212.0
219.0
212.0
217.0
213.0
218.0
213.0
220.0
217.0
224.0
217.0
226.0
217.0
224.0
213.0
215.0
205.0
207.0
200.0
199.0
193.0
205.0
200.0
211.0
204.0
210.0
204.0
210.0
204.0
212.0
206.0
216.0
207.0
218.0
211.0
214.0
209.0
215.0
207.0
219.0
207.0
216.0
209.0
219.0
214.0
221.0
214.0
224.0
219.0
223.0
220.0
225.0
216.0
224.0
214.0
220.0
213.0
219.0
216.0
218.0
215.0
213.0
212.0
217.0
214.0
218.0
212.0
216.0
207.0
206.0
207.0
212.0
208.0
212.0
208.0
217.0
208.0
213.0
210.0
213.0
211.0
216.0
213.0
266.0
315.0
222.0
157.0
197.0
214.0
217.0
212.0
215.0
212.0
211.0
213.0
216.0
209.0
212.0
208.0
211.0
209.0
213.0
211.0
219.0
221.0
223.0
222.0
222.0
216.0
216.0
214.0
211.0
203.0
200.0
199.0
198.0
196.0
198.0
196.0
199.0
201.0
200.0
203.0
207.0
209.0
207.0
215.0
213.0
218.0
215.0
213.0
210.0
213.0
206.0
210.0
205.0
207.0
206.0
206.0
205.0
211.0
210.0
209.0
207.0
210.0
206.0
213.0
211.0
211.0
209.0
211.0
206.0
212.0
211.0
216.0
212.0
220.0
208.0
206.0
202.0
211.0
204.0
209.0
204.0
210.0
204.0
209.0
202.0
209.0
209.0
214.0
210.0
258.0
320.0
218.0
145.0
186.0
206.0
210.0
205.0
212.0
207.0
213.0
209.0
217.0
211.0
218.0
212.0
216.0
213.0
217.0
211.0
219.0
216.0
223.0
218.0
221.0
211.0
214.0
202.0
203.0
195.0
197.0
190.0
194.0
192.0
198.0
196.0
202.0
199.0
210.0
205.0
212.0
207.0
216.0
211.0
217.0
212.0
217.0
211.0
212.0
207.0
211.0
207.0
209.0
205.0
209.0
205.0
210.0
206.0
212.0
206.0
213.0
209.0
212.0
207.0
211.0
208.0
214.0
206.0
214.0
210.0
216.0
214.0
217.0
209.0
214.0
208.0
214.0
209.0
215.0
215.0
220.0
216.0
217.0
210.0
210.0
204.0
209.0
206.0
208.0
204.0
211.0
206.0
209.0
207.0
211.0
211.0
214.0
215.0
227.0
298.0
250.0
155.0
168.0
200.0
208.0
205.0
207.0
206.0
211.0
211.0
215.0
214.0
219.0
218.0
221.0
223.0
225.0
228.0
227.0
228.0
227.0
228.0
230.0
229.0
225.0
222.0
225.0
212.0
221.0
216.0
217.0
220.0
218.0
212.0
203.0
198.0
197.0
198.0
197.0
195.0
194.0
194.0
190.0
196.0
198.0
197.0
196.0
204.0
205.0
210.0
209.0
211.0
204.0
208.0
205.0
208.0
203.0
209.0
209.0
210.0
209.0
208.0
207.0
208.0
203.0
208.0
205.0
212.0
204.0
205.0
199.0
204.0
200.0
201.0
196.0
201.0
198.0
208.0
207.0
210.0
208.0
208.0
205.0
214.0
210.0
213.0
205.0
214.0
205.0
210.0
205.0
211.0
205.0
214.0
208.0
228.0
309.0
253.0
161.0
182.0
199.0
206.0
198.0
207.0
201.0
208.0
200.0
210.0
200.0
205.0
198.0
203.0
195.0
196.0
186.0
193.0
190.0
202.0
194.0
206.0
199.0
206.0
193.0
188.0
165.0
150.0
115.0
106.0
88.0
94.0
86.0
97.0
93.0
107.0
102.0
108.0
109.0
123.0
133.0
148.0
154.0
174.0
178.0
192.0
198.0
211.0
215.0
228.0
226.0
236.0
232.0
237.0
230.0
236.0
231.0
239.0
232.0
241.0
241.0
246.0
238.0
245.0
243.0
245.0
245.0
246.0
240.0
243.0
243.0
249.0
248.0
252.0
243.0
251.0
238.0
240.0
231.0
234.0
231.0
232.0
230.0
230.0
224.0
229.0
224.0
229.0
227.0
234.0
238.0
267.0
339.0
254.0
169.0
200.0
231.0
228.0
223.0
226.0
232.0
232.0
236.0
235.0
239.0
238.0
236.0
240.0
239.0
237.0
237.0
235.0
230.0
232.0
225.0
223.0
223.0
218.0
215.0
216.0
216.0
216.0
219.0
219.0
223.0
229.0
233.0
233.0
235.0
232.0
231.0
230.0
231.0
231.0
229.0
225.0
235.0
232.0
232.0
228.0
229.0
225.0
231.0
224.0
226.0
220.0
224.0
218.0
221.0
217.0
219.0
212.0
214.0
208.0
212.0
209.0
213.0
209.0
210.0
201.0
207.0
201.0
203.0
197.0
205.0
200.0
203.0
199.0
206.0
197.0
209.0
208.0
232.0
302.0
238.0
150.0
181.0
213.0
229.0
219.0
230.0
227.0
234.0
226.0
227.0
220.0
221.0
211.0
213.0
207.0
209.0
202.0
209.0
204.0
211.0
202.0
205.0
197.0
196.0
186.0
188.0
180.0
186.0
179.0
184.0
181.0
191.0
185.0
196.0
191.0
202.0
198.0
207.0
203.0
215.0
210.0
221.0
215.0
224.0
218.0
225.0
214.0
219.0
212.0
214.0
205.0
205.0
196.0
203.0
195.0
195.0
193.0
204.0
200.0
206.0
203.0
202.0
193.0
196.0
196.0
202.0
196.0
203.0
199.0
204.0
200.0
207.0
201.0
210.0
215.0
219.0
268.0
307.0
199.0
164.0
198.0
222.0
212.0
216.0
212.0
216.0
211.0
213.0
210.0
210.0
209.0
210.0
207.0
212.0
209.0
215.0
215.0
215.0
212.0
215.0
214.0
215.0
211.0
205.0
201.0
198.0
196.0
197.0
198.0
205.0
205.0
211.0
211.0
211.0
211.0
212.0
209.0
210.0
208.0
209.0
212.0
210.0
211.0
211.0
212.0
213.0
215.0
213.0
211.0
210.0
205.0
205.0
203.0
205.0
206.0
203.0
208.0
210.0
209.0
207.0
214.0
215.0
217.0
211.0
219.0
209.0
208.0
201.0
204.0
204.0
204.0
203.0
207.0
207.0
209.0
205.0
212.0
208.0
215.0
216.0
218.0
283.0
282.0
183.0
164.0
194.0
210.0
206.0
213.0
207.0
212.0
210.0
214.0
210.0
215.0
210.0
213.0
206.0
215.0
209.0
217.0
209.0
214.0
213.0
218.0
214.0
216.0
208.0
214.0
205.0
210.0
200.0
204.0
199.0
202.0
194.0
204.0
195.0
203.0
201.0
207.0
201.0
210.0
204.0
212.0
206.0
213.0
200.0
206.0
200.0
204.0
196.0
206.0
199.0
208.0
200.0
206.0
202.0
208.0
202.0
210.0
204.0
209.0
205.0
211.0
209.0
211.0
205.0
212.0
205.0
213.0
211.0
219.0
215.0
218.0
208.0
210.0
200.0
204.0
199.0
205.0
200.0
205.0
199.0
207.0
202.0
208.0
203.0
211.0
210.0
227.0
303.0
245.0
148.0
168.0
203.0
210.0
207.0
212.0
206.0
210.0
209.0
214.0
215.0
212.0
214.0
217.0
219.0
215.0
213.0
210.0
208.0
213.0
210.0
211.0
210.0
209.0
206.0
207.0
200.0
198.0
196.0
193.0
194.0
197.0
197.0
196.0
197.0
201.0
203.0
205.0
208.0
208.0
211.0
209.0
210.0
209.0
207.0
206.0
206.0
203.0
204.0
205.0
204.0
205.0
204.0
203.0
206.0
205.0
208.0
207.0
211.0
211.0
214.0
213.0
215.0
214.0
217.0
213.0
215.0
209.0
211.0
209.0
213.0
213.0
216.0
219.0
218.0
218.0
217.0
209.0
210.0
204.0
208.0
201.0
204.0
204.0
210.0
206.0
211.0
208.0
213.0
206.0
219.0
214.0
281.0
293.0
193.0
154.0
196.0
210.0
211.0
204.0
209.0
206.0
212.0
210.0
217.0
213.0
215.0
211.0
216.0
208.0
216.0
214.0
219.0
217.0
222.0
215.0
221.0
211.0
213.0
201.0
204.0
192.0
198.0
190.0
199.0
194.0
205.0
204.0
206.0
200.0
212.0
204.0
212.0
204.0
211.0
205.0
213.0
208.0
211.0
206.0
215.0
209.0
215.0
208.0
213.0
207.0
214.0
206.0
211.0
206.0
211.0
207.0
215.0
208.0
216.0
210.0
214.0
210.0
218.0
208.0
214.0
205.0
215.0
208.0
214.0
206.0
213.0
208.0
217.0
210.0
214.0
209.0
212.0
204.0
208.0
206.0
210.0
205.0
213.0
205.0
211.0
208.0
211.0
206.0
212.0
210.0
217.0
237.0
315.0
223.0
156.0
183.0
212.0
208.0
210.0
208.0
210.0
207.0
212.0
208.0
211.0
209.0
213.0
209.0
213.0
211.0
214.0
217.0
220.0
218.0
221.0
221.0
221.0
216.0
211.0
204.0
199.0
195.0
191.0
194.0
191.0
193.0
199.0
199.0
203.0
204.0
206.0
205.0
205.0
207.0
211.0
211.0
209.0
213.0
209.0
211.0
207.0
208.0
201.0
206.0
204.0
207.0
206.0
208.0
209.0
211.0
207.0
211.0
208.0
211.0
209.0
208.0
209.0
210.0
209.0
212.0
207.0
212.0
206.0
208.0
210.0
214.0
211.0
216.0
212.0
216.0
206.0
207.0
200.0
207.0
200.0
209.0
204.0
209.0
206.0
212.0
208.0
214.0
209.0
221.0
220.0
302.0
251.0
171.0
165.0
202.0
202.0
208.0
205.0
211.0
209.0
218.0
209.0
218.0
212.0
216.0
211.0
216.0
212.0
221.0
213.0
218.0
217.0
221.0
214.0
221.0
211.0
214.0
207.0
209.0
200.0
202.0
196.0
200.0
195.0
202.0
197.0
205.0
200.0
208.0
202.0
213.0
206.0
215.0
209.0
217.0
211.0
212.0
207.0
211.0
205.0
209.0
204.0
210.0
205.0
211.0
204.0
210.0
200.0
208.0
205.0
209.0
204.0
210.0
205.0
212.0
207.0
211.0
205.0
212.0
206.0
214.0
208.0
212.0
208.0
213.0
214.0
220.0
212.0
218.0
209.0
211.0
201.0
208.0
204.0
209.0
206.0
210.0
205.0
209.0
205.0
208.0
205.0
210.0
210.0
227.0
303.0
231.0
156.0
179.0
204.0
209.0
207.0
209.0
211.0
212.0
209.0
215.0
211.0
216.0
212.0
211.0
212.0
213.0
214.0
219.0
216.0
218.0
215.0
215.0
216.0
213.0
207.0
205.0
202.0
198.0
196.0
195.0
193.0
195.0
200.0
198.0
199.0
202.0
202.0
207.0
210.0
207.0
212.0
205.0
210.0
204.0
211.0
206.0
209.0
205.0
207.0
209.0
210.0
205.0
209.0
207.0
207.0
208.0
211.0
209.0
212.0
209.0
218.0
212.0
219.0
210.0
217.0
207.0
210.0
204.0
209.0
205.0
213.0
211.0
219.0
212.0
223.0
211.0
216.0
205.0
208.0
202.0
204.0
203.0
211.0
204.0
212.0
208.0
215.0
211.0
220.0
218.0
229.0
299.0
263.0
166.0
176.0
196.0
215.0
208.0
215.0
212.0
216.0
211.0
216.0
207.0
215.0
208.0
214.0
207.0
212.0
211.0
217.0
212.0
220.0
214.0
225.0
217.0
220.0
212.0
211.0
199.0
203.0
200.0
202.0
198.0
206.0
204.0
211.0
203.0
208.0
204.0
211.0
208.0
214.0
211.0
216.0
213.0
215.0
209.0
213.0
204.0
208.0
201.0
203.0
200.0
205.0
200.0
206.0
200.0
209.0
207.0
210.0
206.0
213.0
210.0
216.0
214.0
218.0
213.0
217.0
208.0
207.0
202.0
211.0
204.0
209.0
207.0
212.0
209.0
213.0
211.0
209.0
207.0
216.0
208.0
281.0
284.0
190.0
152.0
189.0
204.0
205.0
204.0
209.0
207.0
210.0
208.0
210.0
207.0
208.0
209.0
208.0
209.0
210.0
210.0
213.0
213.0
215.0
214.0
215.0
208.0
206.0
205.0
203.0
201.0
197.0
196.0
197.0
199.0
198.0
200.0
199.0
202.0
200.0
205.0
207.0
208.0
211.0
215.0
216.0
217.0
212.0
212.0
208.0
208.0
207.0
207.0
204.0
207.0
207.0
214.0
209.0
216.0
212.0
216.0
211.0
215.0
213.0
214.0
210.0
215.0
211.0
217.0
217.0
220.0
215.0
219.0
210.0
212.0
203.0
208.0
203.0
206.0
202.0
205.0
200.0
208.0
198.0
207.0
202.0
209.0
207.0
215.0
272.0
290.0
180.0
158.0
186.0
211.0
199.0
208.0
204.0
213.0
209.0
214.0
209.0
216.0
210.0
217.0
209.0
214.0
211.0
217.0
214.0
220.0
213.0
216.0
209.0
212.0
204.0
206.0
198.0
200.0
191.0
201.0
196.0
205.0
201.0
207.0
200.0
207.0
205.0
208.0
203.0
213.0
206.0
215.0
209.0
216.0
210.0
216.0
212.0
214.0
209.0
214.0
206.0
211.0
207.0
212.0
207.0
213.0
207.0
212.0
206.0
212.0
211.0
213.0
209.0
214.0
206.0
212.0
204.0
209.0
206.0
207.0
205.0
210.0
213.0
215.0
213.0
217.0
215.0
213.0
208.0
213.0
206.0
209.0
206.0
209.0
209.0
212.0
206.0
210.0
208.0
214.0
216.0
299.0
268.0
183.0
168.0
202.0
209.0
213.0
210.0
212.0
211.0
212.0
213.0
210.0
210.0
214.0
211.0
215.0
215.0
223.0
223.0
224.0
228.0
225.0
225.0
221.0
223.0
213.0
208.0
203.0
203.0
201.0
194.0
193.0
199.0
196.0
196.0
198.0
199.0
198.0
204.0
204.0
210.0
211.0
215.0
211.0
215.0
212.0
213.0
209.0
210.0
205.0
207.0
203.0
204.0
203.0
206.0
203.0
211.0
201.0
209.0
201.0
211.0
207.0
216.0
213.0
217.0
214.0
213.0
206.0
205.0
199.0
204.0
196.0
206.0
203.0
208.0
204.0
208.0
206.0
206.0
205.0
214.0
208.0
283.0
280.0
182.0
149.0
197.0
205.0
212.0
205.0
212.0
205.0
213.0
209.0
214.0
207.0
216.0
208.0
211.0
201.0
209.0
207.0
210.0
208.0
216.0
208.0
218.0
205.0
208.0
194.0
196.0
187.0
193.0
187.0
193.0
189.0
194.0
193.0
203.0
202.0
208.0
203.0
214.0
207.0
215.0
207.0
212.0
208.0
210.0
204.0
208.0
202.0
208.0
200.0
210.0
206.0
209.0
205.0
208.0
206.0
207.0
201.0
211.0
205.0
208.0
209.0
215.0
218.0
218.0
210.0
216.0
210.0
214.0
210.0
213.0
213.0
219.0
220.0
226.0
224.0
227.0
220.0
231.0
228.0
300.0
296.0
195.0
164.0
208.0
221.0
214.0
212.0
212.0
209.0
213.0
212.0
217.0
214.0
215.0
213.0
208.0
214.0
215.0
214.0
220.0
219.0
220.0
212.0
212.0
207.0
203.0
199.0
194.0
192.0
188.0
191.0
193.0
191.0
199.0
200.0
202.0
204.0
206.0
204.0
202.0
206.0
204.0
202.0
200.0
207.0
198.0
198.0
197.0
201.0
204.0
205.0
206.0
210.0
204.0
216.0
215.0
220.0
219.0
216.0
213.0
214.0
205.0
207.0
206.0
205.0
204.0
204.0
206.0
207.0
205.0
209.0
208.0
216.0
215.0
294.0
260.0
161.0
153.0
196.0
202.0
203.0
200.0
205.0
204.0
209.0
205.0
212.0
207.0
213.0
211.0
218.0
211.0
220.0
213.0
223.0
217.0
219.0
214.0
216.0
206.0
210.0
196.0
199.0
197.0
198.0
196.0
205.0
201.0
212.0
204.0
208.0
207.0
212.0
203.0
212.0
207.0
219.0
209.0
220.0
212.0
219.0
209.0
210.0
209.0
211.0
203.0
215.0
208.0
213.0
212.0
213.0
213.0
221.0
222.0
234.0
229.0
231.0
218.0
222.0
209.0
216.0
206.0
216.0
213.0
219.0
218.0
225.0
224.0
230.0
228.0
232.0
254.0
330.0
244.0
176.0
195.0
235.0
231.0
229.0
230.0
232.0
233.0
246.0
229.0
237.0
234.0
229.0
227.0
221.0
217.0
219.0
212.0
216.0
208.0
210.0
201.0
200.0
193.0
185.0
177.0
174.0
168.0
167.0
163.0
164.0
164.0
164.0
161.0
169.0
167.0
175.0
169.0
180.0
186.0
182.0
184.0
187.0
189.0
193.0
191.0
190.0
190.0
190.0
193.0
191.0
194.0
201.0
208.0
206.0
211.0
212.0
218.0
216.0
218.0
213.0
212.0
218.0
220.0
221.0
221.0
222.0
220.0
213.0
216.0
212.0
213.0
212.0
207.0
204.0
207.0
204.0
203.0
200.0
203.0
202.0
211.0
222.0
306.0
239.0
158.0
172.0
214.0
214.0
219.0
213.0
217.0
214.0
216.0
215.0
230.0
231.0
249.0
249.0
262.0
254.0
238.0
221.0
228.0
222.0
231.0
224.0
228.0
219.0
223.0
212.0
223.0
218.0
225.0
214.0
215.0
207.0
210.0
204.0
211.0
199.0
205.0
193.0
197.0
185.0
192.0
188.0
193.0
190.0
196.0
196.0
197.0
189.0
199.0
193.0
196.0
195.0
201.0
197.0
204.0
203.0
215.0
210.0
217.0
215.0
229.0
220.0
223.0
221.0
229.0
225.0
228.0
216.0
221.0
211.0
210.0
204.0
205.0
199.0
212.0
208.0
219.0
218.0
223.0
211.0
215.0
200.0
206.0
198.0
199.0
194.0
198.0
194.0
200.0
192.0
205.0
202.0
216.0
212.0
306.0
238.0
158.0
170.0
204.0
201.0
202.0
199.0
206.0
201.0
207.0
201.0
211.0
204.0
208.0
207.0
211.0
214.0
220.0
225.0
233.0
228.0
236.0
226.0
225.0
221.0
215.0
204.0
202.0
196.0
189.0
192.0
191.0
199.0
192.0
194.0
198.0
199.0
206.0
206.0
211.0
209.0
212.0
213.0
210.0
213.0
207.0
202.0
203.0
200.0
198.0
198.0
200.0
204.0
203.0
197.0
203.0
208.0
208.0
211.0
208.0
210.0
212.0
207.0
209.0
212.0
215.0
217.0
217.0
221.0
220.0
215.0
207.0
206.0
197.0
191.0
196.0
203.0
195.0
200.0
196.0
206.0
198.0
204.0
211.0
213.0
274.0
286.0
182.0
150.0
185.0
207.0
199.0
207.0
214.0
216.0
214.0
220.0
219.0
223.0
211.0
209.0
207.0
211.0
206.0
210.0
206.0
218.0
208.0
221.0
217.0
213.0
205.0
212.0
206.0
211.0
197.0
205.0
193.0
203.0
196.0
202.0
198.0
206.0
202.0
213.0
205.0
217.0
209.0
215.0
212.0
224.0
212.0
218.0
208.0
211.0
202.0
206.0
197.0
198.0
194.0
201.0
195.0
203.0
199.0
208.0
203.0
213.0
210.0
217.0
210.0
220.0
217.0
216.0
213.0
220.0
209.0
221.0
220.0
230.0
224.0
227.0
220.0
228.0
223.0
224.0
212.0
221.0
215.0
217.0
205.0
208.0
204.0
207.0
204.0
217.0
217.0
282.0
300.0
192.0
144.0
189.0
211.0
210.0
202.0
211.0
208.0
217.0
220.0
228.0
231.0
234.0
238.0
233.0
230.0
233.0
234.0
244.0
239.0
237.0
232.0
236.0
223.0
211.0
203.0
180.0
175.0
175.0
180.0
186.0
187.0
182.0
180.0
184.0
178.0
175.0
180.0
180.0
185.0
187.0
195.0
199.0
197.0
198.0
200.0
194.0
193.0
190.0
187.0
184.0
184.0
186.0
188.0
185.0
195.0
198.0
206.0
208.0
206.0
215.0
214.0
214.0
211.0
212.0
217.0
212.0
215.0
215.0
210.0
211.0
212.0
202.0
206.0
205.0
206.0
208.0
213.0
208.0
210.0
213.0
209.0
207.0
214.0
214.0
218.0
222.0
221.0
224.0
232.0
234.0
248.0
246.0
258.0
269.0
268.0
343.0
297.0
189.0
199.0
226.0
234.0
226.0
234.0
223.0
214.0
201.0
200.0
183.0
185.0
177.0
195.0
187.0
212.0
210.0
221.0
217.0
230.0
223.0
234.0
226.0
232.0
215.0
220.0
208.0
199.0
186.0
181.0
171.0
181.0
172.0
179.0
179.0
191.0
193.0
205.0
206.0
214.0
222.0
228.0
219.0
229.0
217.0
223.0
210.0
209.0
192.0
201.0
197.0
204.0
202.0
204.0
206.0
207.0
202.0
205.0
202.0
209.0
203.0
209.0
206.0
212.0
213.0
217.0
220.0
236.0
226.0
241.0
232.0
251.0
229.0
230.0
220.0
217.0
205.0
204.0
187.0
191.0
181.0
193.0
183.0
186.0
187.0
196.0
184.0
233.0
290.0
200.0
128.0
165.0
180.0
187.0
184.0
190.0
193.0
202.0
204.0
208.0
209.0
208.0
205.0
210.0
208.0
212.0
213.0
221.0
224.0
230.0
225.0
231.0
223.0
223.0
213.0
210.0
206.0
203.0
198.0
190.0
185.0
188.0
183.0
186.0
189.0
195.0
197.0
204.0
206.0
210.0
213.0
211.0
206.0
204.0
199.0
195.0
198.0
196.0
202.0
204.0
203.0
201.0
203.0
203.0
206.0
203.0
208.0
207.0
210.0
209.0
215.0
220.0
214.0
209.0
207.0
206.0
200.0
201.0
202.0
206.0
208.0
210.0
211.0
206.0
208.0
204.0
206.0
212.0
207.0
211.0
211.0
209.0
213.0
210.0
208.0
214.0
218.0
213.0
265.0
313.0
214.0
145.0
183.0
208.0
212.0
208.0
216.0
215.0
220.0
218.0
227.0
224.0
233.0
229.0
238.0
234.0
235.0
227.0
239.0
237.0
242.0
232.0
232.0
224.0
226.0
212.0
218.0
199.0
202.0
201.0
198.0
194.0
204.0
194.0
203.0
197.0
202.0
196.0
202.0
193.0
199.0
189.0
199.0
193.0
201.0
195.0
206.0
200.0
204.0
203.0
211.0
215.0
222.0
228.0
237.0
237.0
233.0
232.0
236.0
229.0
230.0
222.0
230.0
224.0
233.0
228.0
234.0
228.0
240.0
241.0
249.0
253.0
263.0
251.0
273.0
266.0
273.0
274.0
276.0
262.0
261.0
242.0
235.0
222.0
218.0
203.0
202.0
194.0
197.0
186.0
169.0
162.0
170.0
180.0
264.0
182.0
104.0
115.0
154.0
154.0
160.0
163.0
168.0
170.0
174.0
179.0
183.0
183.0
191.0
186.0
184.0
191.0
188.0
188.0
200.0
203.0
208.0
212.0
214.0
214.0
212.0
210.0
204.0
199.0
196.0
191.0
194.0
190.0
192.0
197.0
200.0
200.0
205.0
197.0
200.0
200.0
202.0
201.0
200.0
200.0
198.0
201.0
197.0
202.0
198.0
206.0
202.0
195.0
200.0
200.0
201.0
203.0
203.0
204.0
206.0
206.0
208.0
210.0
211.0
208.0
210.0
216.0
209.0
213.0
212.0
219.0
218.0
222.0
217.0
220.0
209.0
213.0
209.0
208.0
206.0
211.0
208.0
213.0
207.0
212.0
205.0
213.0
211.0
212.0
263.0
306.0
205.0
156.0
183.0
206.0
201.0
209.0
208.0
216.0
211.0
218.0
217.0
223.0
211.0
220.0
211.0
218.0
219.0
222.0
219.0
230.0
220.0
224.0
221.0
226.0
218.0
221.0
211.0
210.0
201.0
206.0
200.0
203.0
200.0
200.0
197.0
207.0
199.0
199.0
202.0
211.0
201.0
213.0
210.0
219.0
214.0
218.0
211.0
213.0
207.0
211.0
211.0
220.0
211.0
212.0
209.0
219.0
213.0
223.0
221.0
218.0
207.0
214.0
195.0
196.0
191.0
192.0
195.0
203.0
199.0
209.0
208.0
212.0
213.0
217.0
215.0
209.0
205.0
210.0
201.0
208.0
208.0
212.0
208.0
210.0
210.0
214.0
209.0
215.0
207.0
217.0
221.0
227.0
301.0
287.0
180.0
170.0
202.0
215.0
216.0
214.0
215.0
217.0
213.0
214.0
210.0
216.0
211.0
212.0
209.0
214.0
211.0
211.0
215.0
217.0
222.0
220.0
223.0
231.0
228.0
230.0
224.0
227.0
224.0
220.0
207.0
204.0
202.0
200.0
197.0
202.0
209.0
206.0
212.0
214.0
203.0
208.0
209.0
208.0
208.0
197.0
199.0
196.0
199.0
193.0
201.0
195.0
203.0
200.0
199.0
193.0
192.0
196.0
196.0
197.0
206.0
206.0
211.0
206.0
207.0
201.0
208.0
210.0
214.0
215.0
220.0
216.0
214.0
211.0
215.0
217.0
218.0
216.0
211.0
204.0
208.0
198.0
203.0
199.0
204.0
199.0
205.0
202.0
208.0
203.0
204.0
203.0
223.0
300.0
238.0
148.0
176.0
191.0
205.0
201.0
206.0
204.0
211.0
204.0
210.0
203.0
209.0
200.0
210.0
202.0
211.0
205.0
213.0
208.0
217.0
206.0
218.0
207.0
212.0
206.0
207.0
199.0
197.0
195.0
201.0
195.0
203.0
195.0
204.0
199.0
205.0
200.0
206.0
201.0
212.0
206.0
213.0
211.0
217.0
209.0
211.0
205.0
212.0
206.0
210.0
206.0
205.0
202.0
208.0
205.0
213.0
204.0
214.0
208.0
211.0
209.0
212.0
206.0
214.0
205.0
214.0
214.0
217.0
216.0
219.0
208.0
211.0
202.0
211.0
202.0
204.0
204.0
208.0
203.0
208.0
206.0
211.0
203.0
212.0
211.0
217.0
288.0
294.0
181.0
148.0
186.0
209.0
206.0
205.0
206.0
212.0
213.0
213.0
211.0
215.0
212.0
214.0
212.0
214.0
214.0
218.0
219.0
222.0
223.0
222.0
219.0
214.0
212.0
206.0
202.0
199.0
193.0
191.0
190.0
192.0
191.0
197.0
196.0
202.0
202.0
201.0
206.0
209.0
212.0
212.0
217.0
211.0
213.0
211.0
212.0
205.0
207.0
209.0
207.0
206.0
209.0
208.0
214.0
210.0
211.0
209.0
210.0
210.0
212.0
208.0
210.0
207.0
207.0
209.0
212.0
208.0
215.0
212.0
214.0
207.0
212.0
207.0
215.0
217.0
216.0
215.0
218.0
214.0
211.0
204.0
215.0
206.0
212.0
207.0
214.0
208.0
207.0
204.0
214.0
207.0
212.0
213.0
223.0
286.0
279.0
167.0
160.0
190.0
209.0
201.0
210.0
206.0
214.0
208.0
217.0
210.0
218.0
210.0
220.0
211.0
218.0
214.0
222.0
216.0
224.0
217.0
226.0
218.0
221.0
210.0
218.0
203.0
207.0
198.0
205.0
197.0
200.0
196.0
202.0
197.0
205.0
200.0
209.0
202.0
208.0
204.0
208.0
206.0
215.0
205.0
216.0
209.0
216.0
207.0
210.0
204.0
212.0
205.0
213.0
210.0
215.0
206.0
215.0
213.0
214.0
208.0
216.0
211.0
215.0
213.0
213.0
211.0
212.0
208.0
213.0
208.0
213.0
210.0
211.0
209.0
213.0
210.0
213.0
213.0
216.0
213.0
218.0
214.0
217.0
209.0
209.0
210.0
213.0
208.0
214.0
209.0
212.0
213.0
214.0
214.0
218.0
214.0
217.0
219.0
301.0
266.0
177.0
168.0
200.0
216.0
214.0
214.0
218.0
222.0
219.0
221.0
219.0
217.0
214.0
212.0
209.0
212.0
210.0
215.0
214.0
219.0
218.0
217.0
216.0
214.0
213.0
208.0
202.0
204.0
195.0
199.0
197.0
196.0
198.0
197.0
198.0
204.0
203.0
207.0
206.0
212.0
214.0
213.0
210.0
216.0
208.0
212.0
205.0
210.0
202.0
208.0
207.0
207.0
203.0
209.0
207.0
211.0
206.0
210.0
202.0
209.0
201.0
206.0
200.0
206.0
198.0
203.0
198.0
206.0
204.0
215.0
210.0
220.0
215.0
221.0
211.0
220.0
201.0
203.0
194.0
208.0
195.0
203.0
200.0
206.0
202.0
208.0
200.0
211.0
203.0
212.0
209.0
229.0
304.0
249.0
146.0
167.0
189.0
203.0
199.0
208.0
201.0
211.0
206.0
214.0
210.0
217.0
211.0
218.0
209.0
216.0
214.0
220.0
214.0
220.0
216.0
221.0
214.0
222.0
204.0
210.0
198.0
205.0
195.0
198.0
191.0
200.0
193.0
204.0
198.0
207.0
207.0
212.0
207.0
213.0
210.0
214.0
209.0
214.0
204.0
211.0
209.0
212.0
205.0
212.0
206.0
211.0
204.0
209.0
209.0
210.0
204.0
214.0
209.0
210.0
208.0
211.0
208.0
212.0
211.0
212.0
208.0
212.0
206.0
213.0
205.0
208.0
207.0
207.0
204.0
204.0
206.0
209.0
206.0
209.0
212.0
217.0
217.0
216.0
216.0
213.0
208.0
207.0
208.0
208.0
203.0
205.0
209.0
207.0
204.0
208.0
209.0
209.0
219.0
219.0
280.0
293.0
188.0
155.0
191.0
205.0
205.0
204.0
208.0
213.0
212.0
208.0
214.0
213.0
218.0
214.0
215.0
215.0
222.0
217.0
220.0
218.0
220.0
222.0
221.0
222.0
218.0
213.0
208.0
201.0
207.0
199.0
203.0
203.0
200.0
199.0
204.0
202.0
206.0
205.0
207.0
203.0
208.0
206.0
213.0
207.0
212.0
204.0
207.0
204.0
206.0
202.0
206.0
204.0
212.0
209.0
215.0
210.0
218.0
212.0
219.0
215.0
219.0
210.0
219.0
210.0
216.0
211.0
212.0
212.0
213.0
208.0
214.0
206.0
212.0
205.0
212.0
204.0
211.0
203.0
207.0
201.0
211.0
203.0
210.0
200.0
206.0
202.0
213.0
207.0
209.0
204.0
212.0
206.0
212.0
209.0
214.0
207.0
216.0
228.0
321.0
234.0
164.0
174.0
205.0
199.0
206.0
201.0
207.0
206.0
215.0
208.0
218.0
211.0
218.0
210.0
215.0
209.0
211.0
208.0
214.0
213.0
218.0
213.0
220.0
211.0
217.0
207.0
206.0
198.0
202.0
192.0
197.0
194.0
200.0
196.0
200.0
199.0
201.0
200.0
207.0
204.0
211.0
203.0
211.0
210.0
211.0
208.0
213.0
206.0
208.0
199.0
210.0
205.0
208.0
205.0
210.0
209.0
209.0
212.0
213.0
205.0
208.0
209.0
208.0
207.0
205.0
206.0
207.0
210.0
207.0
211.0
206.0
208.0
206.0
212.0
214.0
211.0
216.0
211.0
204.0
202.0
204.0
204.0
204.0
207.0
208.0
208.0
210.0
211.0
209.0
210.0
209.0
217.0
224.0
309.0
251.0
160.0
166.0
206.0
209.0
203.0
206.0
210.0
204.0
212.0
210.0
213.0
210.0
213.0
211.0
215.0
209.0
217.0
216.0
222.0
218.0
219.0
218.0
221.0
214.0
217.0
206.0
208.0
196.0
200.0
191.0
196.0
195.0
200.0
199.0
208.0
208.0
208.0
211.0
211.0
206.0
209.0
206.0
211.0
205.0
210.0
204.0
212.0
204.0
214.0
202.0
210.0
201.0
210.0
206.0
212.0
204.0
215.0
206.0
212.0
209.0
211.0
205.0
215.0
207.0
216.0
211.0
216.0
205.0
216.0
207.0
217.0
209.0
215.0
207.0
223.0
216.0
220.0
212.0
214.0
203.0
205.0
200.0
210.0
201.0
208.0
203.0
208.0
204.0
208.0
205.0
212.0
210.0
217.0
243.0
322.0
220.0
155.0
174.0
211.0
204.0
208.0
203.0
210.0
208.0
211.0
211.0
215.0
210.0
215.0
212.0
211.0
212.0
220.0
211.0
220.0
214.0
225.0
217.0
220.0
215.0
214.0
205.0
203.0
196.0
200.0
192.0
197.0
188.0
198.0
199.0
199.0
199.0
199.0
199.0
205.0
202.0
206.0
206.0
212.0
209.0
212.0
208.0
208.0
207.0
207.0
204.0
208.0
203.0
209.0
209.0
213.0
211.0
216.0
214.0
216.0
216.0
217.0
210.0
213.0
209.0
214.0
212.0
210.0
217.0
215.0
220.0
216.0
212.0
211.0
205.0
207.0
210.0
204.0
201.0
202.0
210.0
204.0
204.0
204.0
210.0
208.0
214.0
212.0
255.0
317.0
216.0
153.0
186.0
206.0
212.0
207.0
208.0
206.0
211.0
214.0
212.0
210.0
217.0
212.0
218.0
214.0
219.0
214.0
221.0
215.0
220.0
217.0
223.0
219.0
218.0
209.0
217.0
199.0
200.0
192.0
199.0
193.0
202.0
199.0
205.0
196.0
207.0
204.0
210.0
207.0
213.0
206.0
216.0
206.0
211.0
206.0
207.0
205.0
208.0
201.0
205.0
204.0
207.0
200.0
208.0
205.0
207.0
202.0
211.0
203.0
213.0
205.0
215.0
205.0
212.0
208.0
213.0
205.0
212.0
205.0
208.0
207.0
216.0
213.0
220.0
211.0
214.0
205.0
211.0
202.0
207.0
199.0
204.0
203.0
214.0
206.0
208.0
208.0
213.0
210.0
212.0
257.0
315.0
206.0
162.0
186.0
213.0
203.0
209.0
206.0
214.0
207.0
211.0
208.0
213.0
209.0
213.0
210.0
218.0
214.0
225.0
220.0
226.0
221.0
221.0
215.0
219.0
211.0
214.0
203.0
204.0
198.0
202.0
197.0
204.0
200.0
201.0
203.0
205.0
203.0
207.0
207.0
209.0
206.0
211.0
208.0
212.0
211.0
210.0
208.0
212.0
211.0
211.0
205.0
209.0
207.0
208.0
205.0
207.0
204.0
209.0
206.0
207.0
208.0
205.0
205.0
211.0
209.0
219.0
214.0
213.0
215.0
214.0
206.0
200.0
204.0
203.0
202.0
204.0
211.0
211.0
212.0
214.0
214.0
217.0
212.0
214.0
214.0
280.0
284.0
181.0
154.0
183.0
206.0
202.0
208.0
205.0
205.0
208.0
210.0
210.0
212.0
208.0
214.0
208.0
211.0
214.0
213.0
213.0
221.0
220.0
223.0
218.0
218.0
212.0
212.0
204.0
200.0
191.0
197.0
196.0
196.0
193.0
200.0
198.0
205.0
200.0
208.0
206.0
209.0
201.0
207.0
202.0
210.0
198.0
208.0
200.0
208.0
201.0
205.0
205.0
209.0
208.0
211.0
204.0
210.0
201.0
208.0
198.0
208.0
199.0
210.0
205.0
213.0
208.0
216.0
209.0
214.0
209.0
214.0
208.0
213.0
209.0
216.0
212.0
221.0
220.0
228.0
221.0
226.0
217.0
220.0
212.0
219.0
210.0
219.0
212.0
218.0
210.0
220.0
217.0
217.0
215.0
221.0
220.0
228.0
297.0
277.0
169.0
162.0
190.0
211.0
206.0
210.0
207.0
210.0
210.0
212.0
210.0
213.0
212.0
214.0
206.0
216.0
208.0
214.0
212.0
220.0
215.0
219.0
215.0
223.0
210.0
209.0
202.0
204.0
195.0
198.0
192.0
194.0
195.0
201.0
193.0
201.0
197.0
208.0
204.0
211.0
207.0
211.0
211.0
214.0
210.0
212.0
211.0
207.0
204.0
206.0
204.0
208.0
206.0
210.0
206.0
207.0
208.0
206.0
207.0
208.0
206.0
209.0
207.0
213.0
208.0
212.0
210.0
209.0
211.0
211.0
214.0
214.0
214.0
213.0
214.0
213.0
212.0
215.0
212.0
216.0
217.0
214.0
214.0
208.0
209.0
203.0
207.0
200.0
205.0
213.0
216.0
219.0
222.0
219.0
224.0
220.0
218.0
219.0
240.0
317.0
245.0
158.0
182.0
213.0
222.0
222.0
219.0
217.0
225.0
217.0
224.0
221.0
227.0
217.0
220.0
215.0
218.0
210.0
219.0
212.0
220.0
217.0
222.0
219.0
221.0
211.0
205.0
198.0
202.0
188.0
193.0
195.0
195.0
190.0
200.0
191.0
192.0
188.0
200.0
191.0
191.0
188.0
195.0
194.0
204.0
198.0
204.0
200.0
204.0
198.0
205.0
199.0
208.0
200.0
213.0
200.0
209.0
199.0
205.0
201.0
207.0
204.0
210.0
207.0
211.0
208.0
214.0
213.0
220.0
210.0
213.0
211.0
212.0
201.0
209.0
207.0
219.0
204.0
215.0
210.0
212.0
202.0
208.0
202.0
205.0
204.0
212.0
265.0
295.0
191.0
161.0
191.0
216.0
206.0
211.0
206.0
208.0
201.0
210.0
209.0
206.0
207.0
217.0
210.0
215.0
214.0
221.0
223.0
227.0
223.0
224.0
221.0
219.0
208.0
207.0
196.0
195.0
190.0
191.0
190.0
195.0
195.0
205.0
203.0
208.0
204.0
210.0
209.0
207.0
207.0
210.0
209.0
210.0
209.0
211.0
208.0
211.0
209.0
204.0
201.0
206.0
207.0
204.0
206.0
205.0
209.0
209.0
213.0
213.0
210.0
212.0
209.0
205.0
203.0
204.0
204.0
202.0
207.0
200.0
202.0
204.0
207.0
205.0
208.0
211.0
216.0
286.0
261.0
162.0
160.0
192.0
204.0
205.0
211.0
209.0
209.0
210.0
212.0
210.0
216.0
211.0
216.0
216.0
217.0
214.0
219.0
222.0
224.0
218.0
224.0
216.0
215.0
207.0
205.0
199.0
197.0
193.0
196.0
196.0
200.0
198.0
206.0
200.0
204.0
200.0
204.0
205.0
209.0
203.0
212.0
207.0
215.0
208.0
215.0
205.0
210.0
206.0
210.0
204.0
211.0
202.0
208.0
205.0
216.0
212.0
218.0
213.0
216.0
209.0
210.0
202.0
207.0
200.0
210.0
205.0
212.0
202.0
213.0
204.0
210.0
205.0
220.0
213.0
289.0
260.0
173.0
159.0
203.0
209.0
214.0
209.0
215.0
211.0
217.0
216.0
223.0
213.0
221.0
217.0
218.0
215.0
220.0
218.0
225.0
221.0
228.0
222.0
226.0
218.0
220.0
209.0
212.0
202.0
206.0
198.0
204.0
201.0
207.0
203.0
208.0
205.0
210.0
205.0
210.0
206.0
212.0
207.0
214.0
212.0
219.0
215.0
223.0
217.0
221.0
216.0
218.0
214.0
216.0
211.0
216.0
211.0
216.0
217.0
228.0
228.0
234.0
233.0
224.0
217.0
217.0
215.0
214.0
210.0
212.0
211.0
215.0
215.0
217.0
215.0
217.0
216.0
223.0
224.0
302.0
268.0
168.0
165.0
200.0
208.0
208.0
208.0
211.0
212.0
212.0
211.0
214.0
213.0
211.0
212.0
212.0
213.0
213.0
216.0
217.0
217.0
216.0
217.0
215.0
214.0
210.0
206.0
200.0
196.0
191.0
190.0
190.0
192.0
190.0
192.0
191.0
196.0
192.0
197.0
194.0
199.0
195.0
199.0
195.0
199.0
194.0
197.0
192.0
196.0
190.0
192.0
189.0
193.0
189.0
195.0
191.0
196.0
193.0
197.0
192.0
198.0
194.0
201.0
197.0
201.0
197.0
202.0
200.0
204.0
198.0
208.0
207.0
212.0
211.0
217.0
208.0
209.0
200.0
205.0
200.0
204.0
200.0
209.0
205.0
212.0
207.0
212.0
207.0
215.0
213.0
217.0
278.0
291.0
187.0
161.0
192.0
216.0
208.0
214.0
212.0
218.0
213.0
218.0
210.0
215.0
207.0
214.0
207.0
214.0
213.0
219.0
216.0
225.0
220.0
226.0
218.0
225.0
215.0
215.0
205.0
207.0
198.0
201.0
192.0
200.0
191.0
201.0
196.0
205.0
200.0
211.0
206.0
213.0
208.0
213.0
209.0
213.0
207.0
211.0
203.0
206.0
201.0
207.0
198.0
206.0
203.0
208.0
203.0
207.0
207.0
210.0
204.0
211.0
209.0
214.0
209.0
213.0
207.0
211.0
213.0
219.0
216.0
219.0
213.0
212.0
207.0
209.0
206.0
206.0
207.0
208.0
206.0
210.0
206.0
209.0
211.0
213.0
218.0
218.0
276.0
317.0
207.0
154.0
188.0
211.0
205.0
208.0
208.0
210.0
210.0
212.0
217.0
218.0
222.0
226.0
227.0
228.0
236.0
238.0
242.0
243.0
244.0
243.0
242.0
239.0
241.0
231.0
229.0
227.0
222.0
216.0
216.0
209.0
213.0
209.0
203.0
203.0
204.0
202.0
208.0
205.0
208.0
206.0
213.0
210.0
211.0
206.0
211.0
206.0
203.0
202.0
204.0
199.0
199.0
193.0
197.0
192.0
195.0
192.0
199.0
192.0
198.0
196.0
200.0
195.0
198.0
192.0
199.0
195.0
198.0
194.0
198.0
196.0
201.0
192.0
199.0
192.0
204.0
198.0
208.0
200.0
201.0
197.0
199.0
189.0
199.0
190.0
199.0
193.0
202.0
196.0
206.0
201.0
207.0
204.0
218.0
215.0
277.0
285.0
186.0
149.0
190.0
202.0
209.0
204.0
209.0
203.0
210.0
207.0
215.0
209.0
215.0
210.0
217.0
214.0
218.0
216.0
223.0
220.0
220.0
219.0
222.0
215.0
223.0
210.0
211.0
202.0
202.0
194.0
200.0
195.0
196.0
197.0
201.0
197.0
203.0
197.0
208.0
203.0
210.0
205.0
210.0
208.0
214.0
206.0
209.0
203.0
208.0
204.0
209.0
204.0
207.0
205.0
210.0
210.0
213.0
213.0
212.0
210.0
214.0
213.0
214.0
213.0
214.0
216.0
218.0
211.0
216.0
212.0
217.0
210.0
213.0
209.0
214.0
215.0
222.0
214.0
218.0
216.0
217.0
210.0
213.0
214.0
208.0
211.0
210.0
208.0
208.0
208.0
204.0
208.0
209.0
213.0
224.0
312.0
254.0
165.0
170.0
206.0
210.0
211.0
206.0
208.0
206.0
208.0
212.0
212.0
208.0
210.0
209.0
214.0
213.0
217.0
214.0
219.0
219.0
218.0
215.0
219.0
212.0
212.0
205.0
205.0
198.0
198.0
194.0
198.0
196.0
200.0
198.0
204.0
201.0
204.0
203.0
203.0
204.0
209.0
205.0
209.0
209.0
213.0
206.0
211.0
206.0
211.0
205.0
208.0
202.0
205.0
203.0
205.0
201.0
210.0
206.0
213.0
207.0
217.0
206.0
216.0
205.0
211.0
207.0
210.0
204.0
212.0
203.0
213.0
206.0
211.0
204.0
212.0
208.0
216.0
213.0
218.0
214.0
219.0
206.0
209.0
203.0
209.0
200.0
206.0
201.0
209.0
206.0
211.0
205.0
215.0
210.0
221.0
218.0
304.0
258.0
167.0
161.0
200.0
204.0
210.0
205.0
211.0
209.0
216.0
210.0
216.0
209.0
217.0
210.0
215.0
211.0
217.0
213.0
222.0
216.0
221.0
218.0
222.0
214.0
217.0
206.0
207.0
197.0
202.0
194.0
198.0
195.0
202.0
197.0
201.0
199.0
205.0
200.0
206.0
204.0
207.0
206.0
210.0
207.0
208.0
208.0
211.0
207.0
209.0
206.0
209.0
206.0
209.0
208.0
210.0
206.0
211.0
206.0
209.0
209.0
213.0
211.0
213.0
210.0
211.0
213.0
209.0
208.0
208.0
207.0
210.0
210.0
213.0
211.0
218.0
218.0
219.0
219.0
219.0
213.0
209.0
209.0
209.0
208.0
205.0
207.0
208.0
208.0
207.0
208.0
208.0
211.0
215.0
214.0
285.0
291.0
188.0
156.0
189.0
207.0
203.0
208.0
204.0
210.0
209.0
215.0
214.0
218.0
218.0
219.0
218.0
220.0
214.0
218.0
218.0
221.0
216.0
222.0
218.0
224.0
213.0
216.0
206.0
207.0
198.0
200.0
192.0
196.0
191.0
196.0
196.0
203.0
199.0
210.0
207.0
215.0
206.0
213.0
208.0
216.0
211.0
214.0
206.0
209.0
202.0
207.0
203.0
205.0
201.0
210.0
204.0
208.0
204.0
210.0
205.0
212.0
206.0
212.0
207.0
214.0
205.0
213.0
204.0
212.0
206.0
211.0
203.0
215.0
214.0
223.0
216.0
223.0
212.0
210.0
203.0
211.0
205.0
208.0
200.0
209.0
204.0
214.0
205.0
212.0
209.0
216.0
210.0
247.0
319.0
232.0
140.0
173.0
200.0
206.0
202.0
207.0
203.0
211.0
204.0
215.0
213.0
216.0
210.0
215.0
211.0
218.0
212.0
215.0
213.0
219.0
216.0
225.0
217.0
220.0
208.0
208.0
203.0
202.0
195.0
201.0
193.0
195.0
195.0
200.0
195.0
203.0
201.0
202.0
203.0
203.0
204.0
212.0
208.0
212.0
212.0
213.0
207.0
207.0
204.0
204.0
205.0
208.0
206.0
208.0
207.0
208.0
206.0
210.0
210.0
213.0
212.0
214.0
209.0
210.0
210.0
212.0
212.0
210.0
211.0
214.0
211.0
209.0
212.0
217.0
216.0
217.0
218.0
213.0
216.0
206.0
206.0
208.0
206.0
205.0
208.0
205.0
209.0
207.0
209.0
209.0
216.0
216.0
222.0
289.0
290.0
183.0
161.0
192.0
210.0
204.0
210.0
208.0
212.0
210.0
215.0
210.0
213.0
211.0
218.0
213.0
219.0
217.0
219.0
219.0
223.0
217.0
223.0
220.0
223.0
214.0
213.0
206.0
208.0
198.0
197.0
192.0
198.0
193.0
196.0
196.0
201.0
197.0
208.0
201.0
207.0
205.0
213.0
210.0
216.0
208.0
216.0
205.0
213.0
202.0
210.0
202.0
207.0
201.0
208.0
201.0
211.0
203.0
213.0
206.0
212.0
206.0
213.0
209.0
217.0
205.0
212.0
205.0
215.0
205.0
214.0
211.0
216.0
209.0
213.0
210.0
217.0
213.0
219.0
209.0
214.0
205.0
210.0
203.0
214.0
201.0
209.0
203.0
210.0
202.0
209.0
206.0
211.0
206.0
217.0
217.0
296.0
267.0
175.0
157.0
198.0
203.0
208.0
201.0
211.0
207.0
212.0
208.0
215.0
212.0
214.0
211.0
216.0
212.0
218.0
216.0
222.0
217.0
219.0
217.0
224.0
216.0
214.0
208.0
204.0
199.0
196.0
191.0
197.0
194.0
201.0
198.0
200.0
200.0
202.0
200.0
206.0
203.0
208.0
208.0
213.0
211.0
212.0
210.0
210.0
204.0
208.0
205.0
206.0
208.0
207.0
206.0
209.0
207.0
209.0
208.0
209.0
214.0
210.0
213.0
211.0
213.0
210.0
207.0
206.0
206.0
208.0
209.0
213.0
210.0
212.0
212.0
213.0
216.0
214.0
215.0
215.0
217.0
213.0
209.0
206.0
202.0
195.0
200.0
199.0
204.0
204.0
208.0
209.0
213.0
208.0
214.0
209.0
211.0
213.0
217.0
260.0
314.0
209.0
158.0
186.0
211.0
202.0
211.0
208.0
218.0
211.0
215.0
210.0
217.0
211.0
217.0
213.0
216.0
214.0
217.0
214.0
222.0
221.0
224.0
217.0
223.0
214.0
217.0
207.0
207.0
200.0
202.0
192.0
197.0
194.0
197.0
192.0
203.0
198.0
207.0
202.0
211.0
207.0
213.0
210.0
215.0
208.0
208.0
202.0
206.0
200.0
212.0
207.0
216.0
207.0
213.0
206.0
213.0
205.0
212.0
206.0
214.0
205.0
214.0
206.0
216.0
206.0
214.0
209.0
215.0
206.0
213.0
205.0
214.0
211.0
217.0
209.0
218.0
212.0
216.0
207.0
210.0
206.0
209.0
201.0
210.0
206.0
213.0
208.0
213.0
207.0
213.0
212.0
216.0
256.0
325.0
219.0
157.0
182.0
208.0
202.0
208.0
204.0
211.0
208.0
212.0
209.0
213.0
212.0
216.0
212.0
219.0
216.0
218.0
215.0
217.0
217.0
214.0
212.0
213.0
208.0
210.0
201.0
201.0
201.0
201.0
197.0
197.0
198.0
200.0
204.0
199.0
201.0
203.0
203.0
207.0
207.0
207.0
207.0
205.0
207.0
203.0
202.0
200.0
200.0
200.0
203.0
198.0
202.0
202.0
203.0
206.0
205.0
207.0
209.0
210.0
210.0
207.0
208.0
210.0
211.0
207.0
211.0
209.0
209.0
209.0
212.0
211.0
216.0
219.0
226.0
220.0
221.0
214.0
210.0
207.0
208.0
205.0
205.0
206.0
204.0
203.0
206.0
204.0
210.0
204.0
212.0
209.0
254.0
320.0
224.0
148.0
182.0
207.0
209.0
205.0
212.0
208.0
216.0
210.0
215.0
210.0
215.0
214.0
217.0
211.0
217.0
212.0
225.0
219.0
223.0
218.0
222.0
218.0
221.0
211.0
214.0
204.0
207.0
195.0
202.0
196.0
198.0
194.0
200.0
198.0
204.0
195.0
206.0
195.0
205.0
204.0
212.0
206.0
212.0
204.0
209.0
201.0
209.0
202.0
207.0
205.0
212.0
205.0
214.0
207.0
212.0
207.0
218.0
213.0
214.0
211.0
219.0
211.0
221.0
208.0
216.0
208.0
213.0
208.0
216.0
209.0
217.0
210.0
216.0
210.0
217.0
215.0
214.0
212.0
223.0
215.0
214.0
213.0
215.0
207.0
210.0
209.0
210.0
208.0
213.0
210.0
210.0
207.0
210.0
207.0
214.0
207.0
215.0
249.0
321.0
220.0
158.0
183.0
211.0
205.0
207.0
208.0
212.0
208.0
213.0
212.0
212.0
213.0
214.0
214.0
218.0
218.0
222.0
221.0
226.0
223.0
224.0
227.0
225.0
223.0
219.0
217.0
212.0
210.0
206.0
203.0
205.0
204.0
204.0
207.0
209.0
210.0
214.0
220.0
220.0
213.0
211.0
214.0
214.0
214.0
215.0
219.0
210.0
212.0
209.0
214.0
216.0
219.0
226.0
223.0
219.0
226.0
227.0
230.0
231.0
237.0
234.0
236.0
229.0
234.0
225.0
227.0
222.0
224.0
218.0
215.0
207.0
208.0
206.0
219.0
235.0
259.0
279.0
302.0
317.0
337.0
337.0
345.0
346.0
339.0
330.0
328.0
315.0
315.0
307.0
307.0
329.0
416.0
311.0
240.0
252.0
273.0
256.0
258.0
232.0
231.0
217.0
218.0
206.0
203.0
192.0
195.0
186.0
190.0
185.0
188.0
189.0
195.0
191.0
198.0
190.0
192.0
185.0
184.0
175.0
172.0
165.0
164.0
161.0
168.0
170.0
168.0
166.0
171.0
166.0
176.0
167.0
176.0
170.0
178.0
181.0
179.0
179.0
185.0
177.0
185.0
176.0
180.0
173.0
178.0
173.0
180.0
179.0
181.0
177.0
184.0
182.0
186.0
184.0
189.0
186.0
189.0
186.0
194.0
187.0
192.0
185.0
194.0
194.0
200.0
193.0
197.0
191.0
185.0
185.0
187.0
185.0
186.0
179.0
188.0
184.0
188.0
183.0
191.0
185.0
196.0
191.0
239.0
301.0
201.0
130.0
166.0
184.0
187.0
185.0
195.0
192.0
195.0
199.0
200.0
199.0
204.0
200.0
203.0
197.0
208.0
199.0
209.0
209.0
207.0
208.0
205.0
203.0
197.0
190.0
186.0
179.0
178.0
173.0
178.0
176.0
185.0
180.0
186.0
187.0
190.0
193.0
189.0
191.0
185.0
186.0
182.0
187.0
183.0
186.0
185.0
188.0
187.0
192.0
189.0
191.0
193.0
195.0
191.0
189.0
191.0
191.0
196.0
192.0
194.0
195.0
192.0
196.0
197.0
196.0
197.0
197.0
198.0
200.0
200.0
203.0
206.0
208.0
209.0
208.0
206.0
209.0
208.0
199.0
197.0
205.0
205.0
200.0
201.0
207.0
200.0
205.0
203.0
208.0
200.0
210.0
203.0
249.0
314.0
225.0
144.0
183.0
202.0
203.0
199.0
206.0
205.0
210.0
208.0
217.0
206.0
212.0
203.0
215.0
211.0
221.0
215.0
224.0
224.0
230.0
222.0
229.0
221.0
226.0
215.0
214.0
205.0
210.0
200.0
206.0
197.0
207.0
205.0
210.0
208.0
213.0
208.0
216.0
211.0
216.0
215.0
219.0
211.0
217.0
213.0
218.0
208.0
218.0
214.0
217.0
215.0
221.0
218.0
225.0
217.0
222.0
217.0
222.0
216.0
224.0
220.0
219.0
216.0
221.0
216.0
221.0
219.0
223.0
211.0
215.0
213.0
224.0
215.0
219.0
219.0
219.0
215.0
211.0
204.0
213.0
205.0
208.0
208.0
215.0
213.0
208.0
208.0
216.0
208.0
221.0
213.0
297.0
286.0
200.0
162.0
194.0
203.0
202.0
201.0
197.0
199.0
208.0
205.0
205.0
206.0
200.0
197.0
201.0
194.0
198.0
206.0
209.0
210.0
216.0
214.0
211.0
211.0
212.0
202.0
197.0
190.0
180.0
182.0
184.0
183.0
187.0
181.0
176.0
190.0
182.0
194.0
190.0
192.0
200.0
195.0
197.0
199.0
206.0
194.0
197.0
200.0
202.0
203.0
199.0
207.0
208.0
205.0
208.0
212.0
210.0
215.0
212.0
216.0
207.0
210.0
208.0
210.0
211.0
203.0
200.0
202.0
197.0
200.0
200.0
208.0
204.0
213.0
213.0
222.0
205.0
208.0
201.0
210.0
204.0
204.0
205.0
208.0
206.0
209.0
207.0
210.0
209.0
210.0
218.0
244.0
318.0
254.0
128.0
180.0
197.0
207.0
200.0
208.0
192.0
206.0
198.0
205.0
209.0
208.0
207.0
216.0
217.0
225.0
224.0
230.0
229.0
236.0
234.0
232.0
222.0
228.0
223.0
211.0
206.0
198.0
195.0
196.0
189.0
195.0
195.0
193.0
195.0
206.0
203.0
213.0
201.0
213.0
204.0
213.0
205.0
213.0
205.0
210.0
202.0
206.0
205.0
207.0
201.0
205.0
208.0
213.0
205.0
221.0
204.0
215.0
214.0
217.0
210.0
218.0
213.0
233.0
208.0
215.0
216.0
218.0
216.0
219.0
214.0
215.0
212.0
222.0
213.0
218.0
224.0
226.0
221.0
220.0
215.0
216.0
205.0
212.0
205.0
210.0
205.0
207.0
210.0
209.0
212.0
217.0
206.0
221.0
221.0
286.0
295.0
186.0
158.0
187.0
204.0
203.0
206.0
208.0
207.0
209.0
214.0
216.0
211.0
218.0
215.0
218.0
221.0
222.0
220.0
220.0
224.0
226.0
218.0
223.0
218.0
216.0
211.0
210.0
210.0
208.0
197.0
198.0
200.0
201.0
198.0
199.0
200.0
201.0
201.0
203.0
200.0
203.0
208.0
209.0
211.0
213.0
209.0
208.0
211.0
208.0
206.0
204.0
210.0
201.0
208.0
203.0
208.0
208.0
209.0
212.0
208.0
210.0
216.0
208.0
218.0
216.0
220.0
220.0
215.0
206.0
209.0
204.0
207.0
203.0
209.0
202.0
207.0
211.0
206.0
206.0
214.0
212.0
216.0
241.0
324.0
221.0
154.0
173.0
216.0
199.0
208.0
207.0
212.0
213.0
214.0
214.0
217.0
216.0
216.0
213.0
220.0
211.0
220.0
215.0
220.0
214.0
227.0
215.0
216.0
210.0
211.0
198.0
200.0
194.0
199.0
191.0
197.0
194.0
200.0
198.0
204.0
199.0
207.0
198.0
211.0
208.0
209.0
210.0
213.0
208.0
223.0
209.0
216.0
213.0
216.0
208.0
211.0
208.0
212.0
206.0
212.0
206.0
212.0
205.0
214.0
207.0
214.0
206.0
215.0
214.0
223.0
215.0
218.0
210.0
208.0
203.0
210.0
200.0
203.0
203.0
206.0
200.0
206.0
203.0
211.0
208.0
219.0
218.0
273.0
311.0
209.0
161.0
192.0
208.0
210.0
208.0
214.0
208.0
218.0
214.0
222.0
214.0
218.0
219.0
216.0
216.0
219.0
214.0
220.0
221.0
224.0
222.0
224.0
223.0
219.0
215.0
212.0
209.0
205.0
200.0
200.0
193.0
202.0
199.0
197.0
203.0
204.0
204.0
210.0
206.0
211.0
214.0
207.0
211.0
212.0
211.0
211.0
208.0
208.0
202.0
211.0
208.0
209.0
216.0
210.0
208.0
207.0
212.0
211.0
211.0
215.0
208.0
211.0
214.0
211.0
214.0
211.0
210.0
217.0
216.0
216.0
217.0
210.0
210.0
206.0
205.0
204.0
203.0
204.0
212.0
204.0
211.0
197.0
212.0
204.0
215.0
212.0
296.0
258.0
172.0
159.0
198.0
203.0
207.0
202.0
210.0
207.0
217.0
207.0
211.0
207.0
215.0
209.0
215.0
209.0
216.0
216.0
221.0
217.0
220.0
218.0
224.0
213.0
218.0
207.0
208.0
194.0
197.0
192.0
197.0
190.0
198.0
191.0
200.0
198.0
201.0
197.0
208.0
198.0
210.0
202.0
210.0
209.0
209.0
210.0
216.0
208.0
221.0
206.0
212.0
205.0
212.0
205.0
213.0
206.0
208.0
208.0
214.0
212.0
215.0
208.0
215.0
210.0
216.0
209.0
219.0
204.0
214.0
210.0
213.0
205.0
214.0
211.0
219.0
214.0
224.0
221.0
218.0
208.0
210.0
201.0
203.0
201.0
213.0
202.0
212.0
207.0
206.0
204.0
211.0
208.0
221.0
235.0
334.0
245.0
167.0
179.0
207.0
199.0
202.0
201.0
202.0
198.0
202.0
197.0
198.0
192.0
195.0
201.0
200.0
201.0
216.0
208.0
226.0
222.0
228.0
229.0
231.0
225.0
224.0
216.0
216.0
201.0
199.0
186.0
193.0
185.0
186.0
186.0
189.0
190.0
199.0
199.0
203.0
200.0
202.0
203.0
206.0
205.0
204.0
202.0
202.0
202.0
195.0
196.0
199.0
199.0
202.0
204.0
203.0
207.0
202.0
205.0
208.0
205.0
207.0
208.0
211.0
213.0
210.0
210.0
207.0
211.0
206.0
208.0
210.0
215.0
216.0
216.0
216.0
215.0
207.0
210.0
207.0
211.0
206.0
210.0
211.0
214.0
209.0
211.0
212.0
216.0
212.0
220.0
245.0
331.0
239.0
156.0
174.0
210.0
203.0
206.0
204.0
210.0
206.0
211.0
213.0
216.0
212.0
221.0
209.0
216.0
212.0
217.0
214.0
217.0
216.0
218.0
216.0
222.0
212.0
207.0
202.0
200.0
193.0
194.0
190.0
194.0
194.0
201.0
197.0
206.0
199.0
208.0
200.0
207.0
205.0
214.0
210.0
212.0
210.0
218.0
205.0
210.0
206.0
215.0
203.0
213.0
203.0
209.0
204.0
214.0
211.0
212.0
207.0
214.0
210.0
215.0
205.0
213.0
210.0
214.0
211.0
216.0
210.0
218.0
209.0
214.0
209.0
211.0
203.0
214.0
211.0
220.0
214.0
223.0
217.0
216.0
209.0
213.0
209.0
209.0
209.0
212.0
208.0
214.0
209.0
216.0
214.0
227.0
220.0
229.0
268.0
313.0
205.0
169.0
199.0
223.0
211.0
220.0
214.0
220.0
211.0
218.0
215.0
220.0
213.0
217.0
213.0
213.0
214.0
222.0
218.0
221.0
220.0
221.0
220.0
219.0
215.0
212.0
206.0
201.0
199.0
197.0
189.0
192.0
187.0
188.0
191.0
197.0
198.0
202.0
197.0
205.0
203.0
206.0
204.0
208.0
204.0
206.0
200.0
201.0
200.0
198.0
201.0
203.0
202.0
204.0
209.0
208.0
210.0
207.0
207.0
208.0
209.0
212.0
210.0
205.0
207.0
208.0
211.0
207.0
209.0
211.0
214.0
217.0
221.0
211.0
212.0
205.0
208.0
209.0
210.0
208.0
207.0
215.0
207.0
208.0
211.0
208.0
209.0
216.0
211.0
287.0
293.0
191.0
154.0
187.0
208.0
205.0
207.0
212.0
207.0
207.0
211.0
209.0
213.0
209.0
215.0
211.0
210.0
211.0
216.0
210.0
214.0
212.0
221.0
212.0
217.0
208.0
207.0
202.0
200.0
193.0
197.0
190.0
197.0
190.0
195.0
198.0
199.0
195.0
206.0
206.0
215.0
211.0
214.0
209.0
212.0
206.0
212.0
203.0
207.0
204.0
211.0
208.0
213.0
210.0
214.0
209.0
213.0
206.0
215.0
205.0
210.0
209.0
212.0
210.0
214.0
204.0
214.0
209.0
208.0
202.0
212.0
209.0
216.0
214.0
216.0
213.0
214.0
205.0
209.0
197.0
209.0
199.0
207.0
200.0
211.0
202.0
212.0
208.0
211.0
211.0
218.0
229.0
318.0
240.0
156.0
163.0
203.0
199.0
205.0
201.0
210.0
207.0
213.0
209.0
215.0
212.0
215.0
210.0
217.0
211.0
215.0
216.0
219.0
216.0
226.0
216.0
222.0
218.0
217.0
206.0
204.0
198.0
200.0
193.0
197.0
196.0
201.0
203.0
209.0
201.0
206.0
204.0
207.0
202.0
208.0
201.0
207.0
203.0
202.0
203.0
210.0
212.0
207.0
205.0
210.0
212.0
209.0
207.0
211.0
205.0
211.0
207.0
205.0
208.0
209.0
210.0
215.0
217.0
217.0
219.0
216.0
214.0
214.0
212.0
204.0
206.0
208.0
208.0
208.0
208.0
211.0
212.0
213.0
212.0
213.0
211.0
208.0
210.0
203.0
205.0
204.0
207.0
206.0
208.0
203.0
211.0
208.0
221.0
220.0
294.0
289.0
190.0
157.0
191.0
206.0
206.0
208.0
205.0
206.0
209.0
209.0
215.0
221.0
222.0
223.0
231.0
232.0
231.0
239.0
233.0
226.0
229.0
225.0
223.0
219.0
217.0
205.0
211.0
195.0
199.0
187.0
192.0
183.0
192.0
186.0
195.0
192.0
199.0
196.0
203.0
200.0
210.0
202.0
208.0
208.0
219.0
203.0
211.0
203.0
210.0
202.0
207.0
198.0
209.0
200.0
201.0
201.0
205.0
202.0
211.0
204.0
210.0
213.0
210.0
208.0
211.0
208.0
214.0
209.0
221.0
209.0
213.0
201.0
208.0
203.0
210.0
200.0
210.0
202.0
212.0
202.0
207.0
205.0
212.0
203.0
211.0
209.0
259.0
324.0
218.0
134.0
180.0
200.0
204.0
203.0
204.0
202.0
210.0
208.0
214.0
213.0
215.0
211.0
218.0
207.0
216.0
211.0
219.0
213.0
224.0
217.0
222.0
218.0
223.0
214.0
208.0
203.0
200.0
190.0
193.0
187.0
192.0
189.0
195.0
194.0
199.0
204.0
208.0
213.0
211.0
208.0
211.0
207.0
213.0
204.0
209.0
204.0
204.0
202.0
209.0
201.0
208.0
209.0
211.0
216.0
212.0
210.0
212.0
210.0
212.0
212.0
211.0
210.0
213.0
209.0
212.0
203.0
209.0
213.0
216.0
211.0
219.0
217.0
223.0
219.0
220.0
217.0
213.0
210.0
210.0
210.0
209.0
214.0
213.0
213.0
215.0
212.0
215.0
215.0
216.0
217.0
257.0
328.0
232.0
160.0
182.0
212.0
206.0
208.0
206.0
209.0
206.0
213.0
211.0
211.0
212.0
216.0
211.0
212.0
213.0
215.0
212.0
221.0
216.0
222.0
216.0
