2.868864
2.775384
3.067912
2.839853
3.299999
3.262124
3.200879
3.299999
3.299999
3.299999
3.299999
3.081611
3.299999
3.077582
2.897069
2.870476
2.593259
2.968791
2.800366
2.652087
2.74315
2.678681
2.776996
2.492527
2.746373
2.861611
2.563443
3.012307
2.724615
2.536043
2.888205
2.727838
2.871281
2.557802
2.76249
2.848717
2.585201
2.896263
2.634359
2.600512
2.798754
2.739926
2.967179
2.821318
2.71978
2.778607
2.64967
2.906739
2.830988
2.641611
2.973626
2.679487
2.727838
2.630329
2.69641
2.668205
2.700439
2.748791
2.667399
2.610989
3.084029
2.732673
2.724615
2.810036
2.630329
3.010695
2.903516
3.014725
3.080805
2.871281
3.067912
2.918827
3.000219
3.262124
3.183955
3.259706
3.094505
3.20652
2.548937
2.639999
2.491721
2.851135
2.630329
2.664981
2.866446
2.613406
2.880952
2.600512
2.511868
2.742344
2.48608
2.650476
2.565054
2.55216
2.834212
2.646446
2.875311
2.694798
2.505421
2.727032
2.507838
2.646446
2.639999
2.475604
2.700439
2.428864
2.674652
2.67304
2.677069
2.795531
2.533626
2.555384
2.572307
2.494139
2.839853
2.694798
2.794725
2.880146
2.752014
3.035677
2.981684
2.913186
3.008278
2.93575
3.299999
3.16945
3.176703
3.299999
3.165421
3.299999
3.186373
2.930109
2.981684
2.76249
2.920439
2.627106
2.585201
2.666593
2.606959
2.797142
2.572307
2.534432
2.686739
2.519926
2.697216
2.405494
2.442564
2.574725
2.51912
2.69238
2.54249
2.50945
2.779413
2.416776
2.601318
2.562637
2.624688
2.781025
2.676263
2.71575
2.464322
2.581978
2.880952
2.577948
2.573919
2.814065
3.126739
3.299999
3.299999
2.533626
2.366007
2.414358
2.700439
2.625494
2.597289
2.598095
2.630329
2.997802
2.79956
2.826153
2.855164
2.661758
2.808424
2.753626
2.81326
2.868864
2.913992
3.263736
3.253259
3.042124
3.151721
3.008278
3.170256
3.133186
3.176703
3.109816
2.716556
2.798754
2.567472
2.485274
2.714138
2.644834
2.648864
2.387765
2.488497
2.721391
2.474798
2.695604
2.457875
2.520732
2.511062
2.578754
2.684322
2.689157
2.519926
2.906739
2.679487
2.664981
2.616629
2.496556
2.655311
2.584395
2.520732
2.617435
2.370036
2.664981
2.478021
2.56586
2.644029
2.733479
3.299999
3.299999
3.032454
2.505421
2.427252
2.847105
2.500586
2.565054
2.613406
2.479633
2.76652
2.65934
2.688351
2.852747
2.717362
2.946227
2.845494
2.699633
2.815677
2.634359
2.972014
3.093699
3.058241
3.08967
3.094505
3.299999
3.245201
2.887399
2.99619
2.720586
2.975238
2.363589
2.384542
2.714138
2.643223
2.723003
2.516703
2.403076
2.75282
2.656117
2.837435
2.677875
2.507032
2.623076
2.539267
2.582783
2.565054
2.531208
2.758461
2.574725
2.681098
2.728644
2.370036
2.721391
2.569084
2.746373
2.668205
2.474798
2.702857
2.581171
2.75282
2.880952
2.545714
2.71978
2.515091
2.926886
3.299999
3.299999
3.059853
2.42967
2.500586
2.629523
2.548937
2.810036
2.711721
2.664981
2.72945
2.565054
2.764908
2.673846
2.639194
2.78989
3.299999
2.938974
2.726227
2.808424
2.561831
2.654505
2.42967
2.366813
2.687545
2.366813
2.581978
2.443369
2.411135
2.630329
2.54652
2.82293
2.676263
2.55619
2.668205
2.584395
2.6263
2.587619
2.370842
2.642417
2.536043
2.590842
2.741538
2.494139
2.71978
2.532014
2.512673
2.541685
2.376483
2.771355
2.616629
2.606959
2.594065
2.471575
2.789084
2.533626
2.610183
2.639194
2.436923
2.826959
2.756043
2.702857
2.781025
2.600512
2.731062
2.452234
2.685933
2.507032
2.723003
2.764908
2.568278
2.817289
2.688351
2.897875
2.880952
2.800366
2.793919
2.716556
2.962344
2.923662
2.880146
3.158168
2.927692
3.147692
3.083223
3.123516
3.299999
3.073553
3.064688
2.816483
2.644834
2.881758
2.689963
2.755238
2.461904
2.345054
2.723809
2.578754
2.714945
2.658534
2.441758
2.637582
2.623882
2.760879
2.655311
2.54249
2.745567
2.604542
2.681098
2.677875
2.634359
2.867252
2.600512
2.677875
2.801172
2.468351
2.681098
2.609377
2.765714
2.72945
2.629523
2.926886
2.710915
2.742344
2.69641
2.543296
2.939779
2.706886
2.652087
2.655311
2.591648
2.791501
2.694798
2.777801
3.13238
3.196849
3.299999
3.054212
2.346666
2.610989
2.602124
2.790695
2.548937
2.646446
2.65934
2.633553
2.939779
2.802783
2.664981
2.83663
2.772161
3.035677
2.880952
2.661758
2.880952
2.810842
3.19282
3.011501
2.974432
3.299999
3.049377
3.299999
3.187179
2.964761
2.958314
2.56989
2.741538
2.629523
2.603736
2.78989
2.55216
2.565054
2.597289
2.384542
2.600512
2.473186
2.432893
2.481245
2.269304
2.588424
2.540073
2.545714
2.389377
2.407912
2.314432
2.533626
2.362783
2.361172
2.501391
2.311208
2.577948
2.481245
2.55216
3.007472
3.197655
2.790695
1.978388
1.946153
2.249157
2.187911
2.319267
2.288644
2.243516
2.573113
2.360366
2.265274
2.248351
2.238681
2.552966
2.35553
2.603736
2.254798
2.374065
2.662564
2.445787
2.674652
2.644834
2.578754
2.937362
2.769743
2.126666
2.090403
1.915531
2.208058
2.042051
2.108131
2.241098
2.096849
2.332967
2.126666
2.13956
2.199194
2.109743
2.390988
2.168571
2.120219
2.175018
2.06945
2.340219
2.341831
2.281391
2.387765
2.024322
2.389377
2.287838
2.160512
2.404688
2.346666
2.584395
2.349084
2.155677
2.332161
2.191941
2.486886
2.313626
2.233845
2.483662
2.134725
2.527179
2.545714
2.658534
3.299999
3.299999
2.456263
2.112161
2.113772
2.614212
2.480439
2.370036
2.585201
2.516703
2.938974
3.183955
2.942197
3.167032
3.158168
3.055824
3.193626
2.877728
2.714138
2.887399
2.664175
2.720586
2.471575
2.552966
2.961538
2.666593
2.598095
2.806813
2.494139
2.728644
2.744761
2.700439
2.604542
2.683516
2.913186
2.677875
2.694798
3.046153
2.593259
2.810842
2.848717
2.753626
2.929304
2.803589
2.923662
3.003443
2.82293
2.833406
2.888205
2.948644
2.851135
2.862417
3.245201
2.977655
2.931721
2.852747
2.973626
3.20249
2.874505
2.960732
2.623076
2.840659
3.059047
3.209743
2.932527
2.750402
3.197655
3.28227
3.035677
3.035677
2.871281
3.299999
3.209743
2.945421
2.918021
3.223443
3.299999
3.101758
3.139633
3.299999
3.299999
3.299999
3.299999
3.299999
3.299999
3.059047
3.299999
2.958314
2.742344
2.777801
2.868864
3.288717
2.755238
2.820512
2.849523
2.788278
2.84227
2.71978
2.772161
2.805201
2.819706
3.021172
2.797948
2.90271
3.240366
3.048571
3.133186
2.979267
3.138021
3.267765
2.8463
3.119487
3.079194
2.739926
2.920439
3.299999
3.016336
2.973626
2.901098
3.087252
3.013113
2.802783
3.126739
2.887399
3.082417
3.275018
3.299999
3.299999
3.184761
2.849523
2.810036
2.615018
2.772161
2.8463
2.871281
2.893846
3.098534
2.919633
2.920439
3.09934
2.98249
2.74315
3.055824
2.948644
3.027618
3.281465
3.026007
3.059853
3.290329
3.233919
3.299999
3.299999
3.271794
3.235531
3.071135
3.03326
3.072746
2.887399
2.581978
2.500586
2.896263
2.73912
2.707692
2.578754
2.683516
2.481245
2.461098
2.773772
2.768131
2.494139
2.768131
2.487692
2.667399
2.739926
2.742344
2.584395
2.498974
2.83663
2.632747
2.568278
2.637582
2.514285
2.795531
2.713333
2.741538
2.897069
2.397435
2.617435
3.008278
2.752014
2.548131
2.607765
2.634359
2.56586
2.619047
2.713333
2.604542
2.642417
2.830183
2.937362
3.299999
3.299999
2.643223
2.581978
2.226593
2.412747
2.647252
2.681098
2.534432
2.552966
2.661758
2.457875
2.905128
2.86967
2.983296
3.207325
3.175091
2.951868
2.785054
2.812454
2.642417
2.662564
2.526373
2.393406
2.310402
2.577948
2.385348
2.403882
2.554578
2.297509
2.500586
2.504615
2.735897
2.532014
2.404688
2.70608
2.334578
2.45304
2.706886
2.268498
2.665787
2.602124
2.488497
2.637582
2.349084
2.707692
2.586007
2.42967
2.636776
2.603736
2.632747
2.295897
2.548131
2.848717
2.468351
3.041318
2.648864
2.424029
2.788278
2.330549
2.791501
2.64564
2.340219
2.663369
2.681904
2.855164
2.803589
2.720586
2.919633
2.67304
3.13238
2.943809
2.425641
3.102564
2.797142
2.830183
3.035677
2.909963
3.242784
3.16945
3.076776
3.299999
3.125934
3.299999
3.235531
2.931721
3.081611
2.816483
2.76652
2.520732
2.514285
2.55216
2.422417
2.639999
2.593259
2.361978
2.644029
2.150842
2.662564
2.751208
2.510256
2.772161
2.466739
2.733479
2.833406
2.463516
2.835824
2.386153
2.862417
2.639194
2.519926
2.793113
2.54249
2.702051
2.63597
2.844688
2.829377
2.458681
2.638388
2.75282
2.555384
2.482051
2.806007
2.558608
2.664981
2.804395
2.718168
2.98249
2.615824
2.967179
3.026007
2.665787
3.297582
3.007472
3.275018
3.299999
3.004248
3.299999
3.100146
2.859194
3.039706
2.487692
2.784249
2.444981
2.442564
2.716556
2.269304
2.591648
2.548131
2.403882
2.562637
2.349889
2.76652
2.449011
2.468351
2.720586
2.48608
2.653699
2.536043
2.427252
2.710915
2.497362
2.639999
2.526373
2.43934
2.685128
2.491721
2.411135
2.425641
2.687545
2.478827
2.857582
2.6263
2.353919
3.278241
3.299999
3.299999
3.299999
2.228205
2.423223
2.511868
2.550549
2.733479
2.619853
2.803589
2.468351
2.909157
3.055018
2.434505
3.110622
2.84227
2.699633
2.984908
2.728644
3.145274
2.925274
3.075164
3.299999
3.108205
3.299999
3.299999
3.219413
3.299999
3.064688
3.003443
2.973626
2.574725
2.619047
2.557802
2.700439
2.492527
2.311208
2.636776
2.561831
2.745567
2.459487
2.521538
2.797948
2.553772
2.71978
2.482856
2.419193
2.74315
2.514285
2.681098
2.554578
2.616629
2.874505
2.54652
2.797948
2.788278
2.442564
2.86564
2.468351
2.518315
2.82293
2.502197
2.672234
2.631135
2.803589
3.039706
3.299999
3.299999
3.12271
2.180659
2.430476
2.357142
2.637582
2.643223
2.8326
2.580366
2.607765
3.080805
2.585201
2.698021
3.009084
2.605347
2.972014
2.93575
2.814065
3.026813
2.905934
3.299999
3.022783
3.210549
3.299999
3.067912
3.299999
3.191208
2.610989
2.663369
2.343443
2.723003
2.724615
2.407106
2.648058
2.378901
2.771355
2.534432
2.354725
2.759267
2.54652
2.573113
2.594871
2.494945
2.771355
2.352307
2.662564
2.723003
2.408718
2.843076
2.668205
2.561831
2.75282
2.744761
2.781025
2.452234
2.636776
2.561831
2.404688
2.830183
2.550549
2.584395
2.630329
2.747179
3.299999
3.299999
3.299999
2.603736
2.058974
2.623882
2.507032
2.465128
2.767326
2.503809
2.872087
2.643223
2.681098
2.824542
2.691575
3.299999
3.196849
3.139633
3.299999
2.901904
3.117875
2.84227
2.428864
2.785054
2.456263
2.494139
2.610989
2.505421
2.713333
2.423223
2.720586
2.67304
2.403882
2.720586
2.618241
2.507838
2.779413
2.492527
2.843076
2.616629
2.623882
2.752014
2.55216
2.774578
2.77619
2.703663
2.640805
2.644029
2.839853
2.739926
2.840659
2.668205
2.540073
2.914798
2.600512
2.709303
2.657728
2.585201
2.936556
2.760879
3.138827
3.299999
3.299999
3.14608
2.204029
2.374871
2.731062
2.69641
2.964761
2.866446
2.748791
3.223443
3.021172
3.177509
3.299999
3.299999
3.200879
3.255677
3.270988
2.97282
2.8463
2.834212
2.33619
2.424029
2.592454
2.403882
2.387765
2.135531
2.515897
2.403076
2.16293
2.475604
2.474798
2.639194
2.759267
2.851135
2.752014
1.17978
1.085494
1.772893
2.212087
2.494139
2.361978
2.604542
2.571501
2.384542
2.75282
2.537655
2.564249
2.506227
2.559413
2.847105
2.468351
2.772161
2.900293
2.655311
2.876923
2.230622
2.189523
1.904249
2.235457
2.050109
2.078315
2.268498
2.009816
2.179047
2.129084
2.066227
2.262856
2.029963
2.201611
2.075897
1.993699
2.288644
2.063003
2.307985
2.150842
1.955824
2.307985
2.234651
2.268498
2.141977
2.146813
2.333772
2.197582
2.268498
2.265274
2.094432
2.283809
2.216117
2.471575
2.332161
2.125054
2.332967
2.236263
2.370842
2.378095
2.173406
2.501391
2.272527
2.338608
2.492527
2.174212
2.41597
2.385348
2.440952
2.449011
2.444175
2.455457
2.38293
2.461904
2.548937
2.351501
2.709303
2.698827
2.741538
2.72945
2.621464
2.804395
2.904322
2.971208
2.938974
2.899487
3.287912
3.040512
2.975238
3.020366
2.775384
3.064688
2.782637
2.510256
2.639194
2.443369
2.694798
2.503809
2.455457
2.584395
2.357948
2.572307
2.643223
2.552966
2.789084
2.574725
2.574725
2.474798
2.519926
2.735091
2.55619
2.727032
2.681098
2.584395
2.670622
2.591648
2.893846
2.758461
2.643223
2.474798
2.526373
2.344249
2.722197
3.130769
3.113846
3.299999
3.026813
3.257289
3.299999
3.171868
3.299999
3.299999
3.250842
3.299999
3.238754
3.184761
3.007472
3.037289
2.86
2.633553
2.970402
2.690769
2.540073
2.88901
2.652087
2.74315
2.86564
2.757655
2.971208
2.681098
2.76652
2.892234
2.763296
2.82293
2.591648
2.920439
2.900293
2.639194
2.86967
2.8463
2.999413
2.760073
2.64967
3.120292
2.864835
2.877728
3.010695
2.78586
2.872893
2.643223
2.852747
2.954285
2.752014
2.8326
2.900293
2.913992
2.92608
2.687545
3.101758
2.913186
2.85597
3.118681
2.861611
3.072746
3.010695
3.119487
3.13238
2.994578
3.299999
3.151721
3.266959
3.299999
3.299999
3.299999
3.299999
3.171868
3.291941
2.797142
2.91641
2.797948
2.721391
2.764908
2.424835
2.862417
2.690769
2.513479
2.76249
2.670622
2.877728
2.583589
2.561025
2.913992
2.674652
2.658534
2.814065
2.742344
2.732673
2.707692
2.774578
2.621464
2.760879
2.835824
2.727032
2.8326
2.691575
2.795531
2.78989
2.870476
3.299999
3.299999
3.299999
3.197655
2.268498
2.478021
2.655311
2.884175
2.563443
2.785054
2.87934
2.622271
3.079999
2.761684
2.756043
3.042124
2.689157
3.059047
3.109816
2.964761
3.037289
3.233919
3.299999
3.163003
3.299999
3.299999
3.100952
3.299999
3.299999
2.964761
3.057435
2.778607
2.848717
2.533626
2.631135
2.745567
2.488497
2.668205
2.529597
2.559413
2.754432
2.450622
2.630329
2.668205
2.407912
2.77619
2.584395
2.533626
2.624688
2.493333
2.857582
2.4063
2.662564
2.774578
2.39663
2.804395
2.663369
2.629523
2.573113
2.76249
3.299999
3.299999
3.299999
2.366813
2.042051
2.600512
2.474798
2.50945
2.787472
2.6263
2.640805
2.720586
2.697216
2.793919
2.665787
2.980879
2.709303
2.794725
3.015531
2.794725
3.120292
3.145274
3.054212
3.299999
3.13238
3.299999
3.299999
3.042124
3.149303
2.91238
2.850329
2.638388
2.577948
2.627106
2.353113
2.516703
2.49575
2.419999
2.559413
2.413552
2.577948
2.475604
2.584395
2.71978
2.488497
2.630329
2.738314
2.372454
2.703663
2.384542
2.625494
2.535238
2.540073
2.623076
2.401465
2.720586
2.906739
3.241977
3.299999
3.164615
2.017875
2.353113
2.325714
2.564249
2.614212
2.657728
2.698021
2.580366
2.718974
2.785054
2.765714
2.755238
2.591648
3.044542
2.855164
2.703663
2.991355
2.98249
3.287106
2.983296
3.275018
3.299999
3.018754
3.299999
3.200073
2.877728
2.920439
2.713333
2.650476
2.537655
2.64967
2.777801
2.45304
2.56586
2.69238
2.516703
2.76249
2.580366
2.700439
2.536043
2.540073
2.706886
2.530402
2.772161
2.758461
2.502197
2.903516
2.519926
2.459487
2.823736
2.436117
2.688351
2.627912
2.539267
2.662564
2.816483
3.245201
3.299999
3.299999
2.693186
2.183882
2.452234
2.475604
2.606959
2.693992
2.494945
2.86967
2.577948
2.623882
2.801172
2.705274
2.796336
2.792307
2.776996
3.008278
2.745567
2.943003
3.165421
3.016336
3.172673
3.212161
2.613406
2.487692
2.475604
2.745567
2.461904
2.505421
2.503003
2.446593
2.747179
2.703663
2.732673
2.577948
2.385348
2.785054
2.54652
2.629523
2.592454
2.433699
2.911574
2.63597
2.505421
2.672234
2.650476
2.726227
2.484468
2.627106
2.759267
2.686739
2.687545
2.720586
2.761684
2.587619
2.491721
3.022783
2.548937
2.545714
2.849523
2.618241
2.548937
2.669816
3.291135
3.299999
3.299999
3.128351
2.295091
2.42967
2.693992
2.474798
2.756849
2.663369
2.52879
2.901098
2.972014
3.222637
3.210549
3.299999
3.299999
3.222637
3.287106
3.035677
2.730256
2.754432
2.591648
2.636776
2.68271
2.432893
2.597289
2.424029
2.588424
2.55619
2.481245
2.64564
2.403076
2.639999
2.595677
2.411941
2.797142
2.408718
2.630329
2.587619
2.435311
2.862417
2.558608
2.538461
2.733479
2.416776
2.681904
2.610183
2.648864
2.647252
2.693992
2.705274
3.067912
2.700439
2.504615
2.623882
2.677069
2.911574
2.565054
2.630329
2.878534
2.540879
2.755238
3.100952
2.76652
2.829377
2.610989
2.810842
2.955091
2.698827
2.909963
2.85597
3.013113
2.974432
2.86967
3.287912
3.104981
3.244395
3.210549
3.255677
3.299999
3.280659
2.998608
2.996996
2.765714
2.847105
2.63597
2.777801
2.629523
2.375677
2.581978
2.510256
2.629523
2.504615
2.298314
2.922857
2.573113
2.569084
2.629523
2.432087
2.85597
2.577948
2.577948
2.527985
2.479633
2.795531
2.577948
2.536043
2.755238
2.52315
2.701245
2.660146
2.471575
2.794725
2.537655
2.791501
2.674652
2.577948
2.86564
2.642417
2.662564
2.894651
2.627912
2.730256
2.720586
2.847105
2.599706
2.480439
2.952674
2.629523
2.668205
2.723809
2.803589
3.299999
3.299999
3.299999
2.897069
2.107326
2.598901
2.619047
2.721391
2.745567
2.594065
2.817289
2.76249
2.812454
2.885787
2.648864
2.852747
2.919633
2.8326
2.901098
2.906739
2.948644
2.943003
3.223443
3.299999
3.160585
3.299999
3.299999
3.299999
3.130769
3.017143
3.149303
2.872893
2.6263
2.449011
2.27575
2.66901
2.677069
2.500586
2.66901
2.587619
2.613406
2.620659
2.56989
2.55216
2.511062
2.756849
2.629523
2.36923
2.83663
2.642417
2.520732
2.620659
2.660952
2.829377
2.433699
2.578754
2.765714
2.585201
2.920439
2.602124
2.600512
2.644029
2.594871
2.921245
2.627912
2.586813
2.723003
2.733479
2.97282
2.623882
2.559413
2.86
2.438534
2.709303
2.72945
2.671428
2.728644
2.627912
2.951868
3.299999
3.299999
3.299999
2.35956
2.395823
2.776996
2.803589
2.92608
2.93575
2.938974
2.926886
3.222637
3.230695
3.182344
3.299999
3.210549
3.299999
3.299999
3.064688
3.079194
3.017143
2.716556
2.674652
2.494945
2.647252
2.494139
2.456263
2.743956
2.400659
2.482051
2.639194
2.346666
2.73912
2.403882
2.69238
2.55216
2.46271
2.814871
2.436117
2.630329
2.781025
2.358754
2.736703
2.668205
2.469157
2.733479
2.558608
2.596483
2.69238
2.503003
2.779413
2.381318
2.820512
2.554578
2.54652
2.723003
2.830183
2.694798
2.707692
2.584395
2.636776
2.569084
2.76652
2.663369
2.419193
2.903516
3.01956
3.299999
3.299999
2.939779
2.35553
2.259633
2.604542
2.674652
2.428864
2.835824
2.601318
2.930109
2.67304
2.604542
2.951868
2.713333
2.765714
2.887399
2.666593
3.15575
2.897069
2.850329
3.152527
3.021172
3.299999
3.259706
3.241977
3.299999
3.158168
3.107399
3.061465
2.702857
2.844688
2.403882
2.685128
2.629523
2.447399
2.635164
2.287838
2.641611
2.535238
2.617435
2.474798
2.623882
2.634359
2.526373
2.698021
2.54249
2.698021
2.716556
2.497362
2.771355
2.444175
2.702857
2.600512
2.665787
2.768131
2.617435
2.764908
2.609377
2.585201
2.755238
2.592454
2.77619
2.868058
2.630329
2.810842
2.668205
2.713333
2.585201
2.576336
2.814871
2.6263
2.570695
2.701245
3.103369
3.299999
3.299999
3.299999
2.31282
2.295091
2.690769
2.49575
2.704468
2.723003
2.511062
3.077582
2.565054
2.717362
2.826153
2.688351
2.913186
3.24923
3.274212
3.152527
2.944615
2.905934
2.785054
2.55216
2.606153
2.525567
2.526373
2.436923
2.455457
2.625494
2.490109
2.468351
2.494945
2.487692
2.489304
2.50945
2.642417
2.497362
2.517509
2.755238
2.440146
2.681904
2.655311
2.464322
2.803589
2.421611
2.591648
2.770549
2.432087
2.714138
2.616629
2.679487
2.681904
2.550549
2.69238
2.707692
2.697216
2.615018
2.432893
2.913992
2.63597
2.655311
2.727032
2.738314
2.800366
2.594871
2.801172
2.861611
3.299999
3.299999
2.775384
2.281391
2.374065
2.570695
2.768131
2.569084
2.686739
2.76652
2.681904
2.919633
2.623076
2.664175
3.017948
2.740732
2.861611
2.796336
2.801172
3.100952
2.993772
3.164615
3.125128
3.242784
3.299999
3.102564
3.299999
3.274212
2.945421
2.558608
2.834212
2.422417
2.535238
2.652087
2.517509
2.693186
2.483662
2.669816
2.590036
2.619047
2.653699
2.656117
2.587619
2.617435
2.537655
2.680293
2.54652
2.747179
2.6263
2.636776
2.868058
2.554578
2.901098
2.878534
2.519926
2.773772
2.839047
2.547325
2.872893
2.716556
3.299999
3.299999
3.299999
2.710915
2.294285
2.587619
2.521538
2.541685
2.852747
2.822124
2.714945
2.810842
2.80923
2.877728
2.727032
2.966373
2.897069
2.785054
3.125934
2.801172
3.064688
3.133186
3.079194
3.2726
3.299999
3.299999
3.299999
3.209743
3.299999
3.247619
2.844688
2.901098
2.69238
2.689157
2.544908
2.749597
2.597289
2.388571
2.820512
2.500586
2.445787
2.698021
2.558608
2.537655
2.50945
2.436117
2.630329
2.6263
2.777801
2.617435
2.642417
2.658534
2.378901
2.789084
2.498974
2.514285
2.847912
2.517509
2.870476
2.648864
2.494945
2.742344
2.371648
2.670622
2.670622
2.53282
2.638388
2.50945
2.614212
2.697216
2.976043
3.299999
3.299999
2.442564
2.024322
2.156483
2.496556
2.501391
2.526373
2.482856
2.567472
2.63597
2.488497
2.631941
2.563443
2.456263
2.754432
2.588424
2.69641
2.784249
2.568278
2.89304
2.759267
3.076776
2.075091
2.1863
2.133919
2.245934
2.344249
1.963076
2.288644
2.27978
2.007399
2.205641
2.280586
2.390988
2.170989
2.27575
2.384542
2.054944
2.311208
2.284615
2.225787
2.39663
2.121831
2.27978
2.329743
2.216922
2.333772
2.170989
2.407106
2.345054
2.282197
2.444981
2.287838
2.284615
2.340219
2.187911
2.379706
2.302344
2.255604
2.327325
2.328131
2.273333
2.375677
2.8326
3.299999
3.299999
2.848717
1.834139
2.100878
2.204029
2.153259
2.537655
2.249157
2.736703
2.806813
2.620659
3.036483
3.130769
2.938974
3.034065
3.026813
3.176703
2.967985
2.640805
2.630329
2.437728
2.603736
2.309597
2.333772
2.534432
2.293479
2.423223
2.253186
2.422417
2.586813
2.204029
2.3926
2.430476
2.479633
2.507032
2.34586
2.604542
2.619853
2.371648
2.524761
2.401465
2.710109
2.497362
2.345054
2.804395
2.494139
2.577948
2.510256
2.425641
2.777801
2.58923
2.593259
2.540073
2.604542
2.92608
2.619047
2.604542
2.677875
2.652087
2.845494
2.494945
2.468351
2.470769
2.401465
2.951062
2.700439
2.620659
2.788278
2.747985
2.880952
2.664981
2.920439
3.016336
2.690769
2.952674
3.071135
2.909963
3.246007
3.02923
3.233113
3.299999
3.18315
3.299999
3.299999
3.299999
3.242784
3.145274
2.985714
2.675457
2.924468
2.595677
2.640805
2.640805
2.665787
2.784249
2.578754
2.637582
2.732673
2.514285
2.807619
2.810036
2.555384
2.768937
2.728644
2.810036
2.670622
2.685128
2.747985
2.604542
2.955091
2.745567
2.606959
2.953479
2.740732
2.85597
3.002637
2.728644
2.972014
2.889816
2.819706
2.697216
2.652893
2.930109
2.731062
2.752014
2.812454
2.623076
3.204102
3.299999
3.299999
3.299999
2.377289
2.507838
2.523956
2.788278
2.861611
2.635164
2.841465
2.851135
2.861611
2.971208
2.701245
3.120292
2.969597
2.706886
3.055824
3.115457
3.145274
3.002637
3.012307
3.299999
3.299999
3.299999
3.268571
3.299999
3.299999
3.171062
3.151721
2.955897
2.830183
2.958314
2.662564
2.689963
2.681904
2.638388
2.977655
2.516703
2.568278
2.647252
2.521538
2.759267
2.718974
2.718168
2.855164
2.594065
2.810036
2.541685
2.662564
2.672234
2.533626
2.823736
2.633553
2.801977
2.874505
2.610183
2.784249
2.554578
2.717362
2.980879
2.629523
2.780219
2.687545
2.862417
3.030036
2.704468
2.71978
2.603736
2.76249
2.934139
2.570695
2.969597
2.713333
2.760073
3.299999
3.299999
3.299999
3.082417
2.123443
2.47641
2.465934
2.857582
2.793919
2.972014
3.123516
2.877728
3.255677
3.299999
3.090476
3.299999
3.252454
3.299999
3.299999
3.035677
3.034065
2.746373
2.934139
2.668205
2.431282
2.658534
2.368424
2.45304
2.530402
2.661758
2.419999
2.627912
2.504615
2.681904
2.767326
2.608571
2.771355
2.545714
2.514285
2.552966
2.685128
2.868864
2.73912
2.458681
2.6263
2.594871
2.796336
2.790695
2.738314
2.855164
2.558608
2.812454
2.582783
2.594871
2.872087
2.586813
2.742344
2.642417
2.544908
2.733479
2.559413
3.086447
2.643223
2.491721
2.851941
2.66901
2.926886
2.954285
2.793919
2.969597
2.791501
3.094505
3.138827
2.927692
3.299999
3.160585
3.223443
3.299999
3.299999
3.299999
3.085641
2.934944
2.965567
2.797948
2.932527
2.502197
2.520732
2.694798
2.436117
2.460292
2.402271
2.46271
2.581978
2.433699
2.713333
2.648864
2.468351
2.436923
2.507838
2.701245
2.533626
2.619853
2.718168
2.558608
2.668205
2.418388
2.600512
2.734285
2.423223
2.610183
2.490915
2.501391
2.738314
2.527179
2.466739
2.42967
2.301538
2.689157
2.326519
2.437728
2.572307
2.423223
2.464322
2.599706
3.266959
3.299999
3.223443
2.272527
2.017069
2.19597
2.230622
2.183076
2.590842
2.293479
2.328937
2.458681
2.332967
2.487692
2.233845
2.433699
2.474798
2.331355
2.610183
2.402271
2.461904
2.442564
2.449816
2.778607
2.785054
2.893846
2.829377
2.563443
2.627106
2.496556
2.327325
2.197582
1.854285
1.976776
1.776117
1.67619
1.901831
1.805128
1.971135
1.782564
1.848644
1.914725
1.775311
1.84945
1.635091
1.638314
1.983223
1.714871
1.685054
1.729377
1.750329
1.9663
1.636703
1.830915
1.749523
1.62945
1.805128
1.720512
1.735018
1.86315
1.857509
1.939707
1.696336
1.847838
1.88249
1.791428
2.068644
1.76564
1.826886
1.811575
1.753553
1.967912
1.850256
1.981611
1.959047
1.965494
2.686739
3.188791
3.165421
2.063003
1.625421
1.830109
1.76564
1.926007
2.121025
1.963076
2.328131
2.033186
2.099267
2.090403
2.137142
3.058241
3.034871
2.874505
2.819706
2.553772
2.85597
2.597289
2.381318
2.393406
2.314432
2.455457
2.395823
2.229816
2.451428
2.217728
2.662564
2.600512
2.461904
2.629523
2.371648
2.568278
2.541685
2.623882
2.817289
2.663369
2.780219
2.731062
2.75282
2.847912
2.717362
2.967179
2.777801
2.616629
2.86564
2.79956
2.993772
2.93575
2.764908
2.861611
2.810842
3.068717
3.040512
2.827765
2.984102
2.770549
2.913992
3.101758
3.064688
3.222637
2.914798
3.008278
3.299999
3.299999
3.299999
3.299999
2.816483
2.621464
3.197655
3.158168
2.995384
3.268571
3.184761
3.290329
3.046959
3.255677
3.299999
3.299999
3.299999
3.191208
3.162197
3.299999
3.287106
3.299999
3.299999
3.299999
3.299999
3.299999
3.299999
3.299999
3.299999
3.299999
3.299999
3.299999
3.299999
3.100146
3.21619
2.880952
2.918021
2.952674
2.990549
3.214578
2.990549
3.026007
2.89304
2.828571
3.216996
3.074358
2.959926
2.943809
3.036483
3.277435
3.057435
3.172673
2.971208
3.171062
2.914798
2.946227
3.168644
3.006666
3.090476
2.884175
3.036483
3.167838
3.00989
3.116263
2.932527
3.004248
3.281465
3.119487
3.116263
2.920439
2.952674
3.216996
3.003443
3.061465
2.953479
2.877728
3.100952
2.945421
3.299999
3.299999
3.299999
3.299999
2.689157
2.819706
2.797142
2.848717
2.893846
2.825347
3.025201
3.010695
2.995384
3.222637
2.913186
3.057435
2.956703
2.859194
3.287912
3.115457
3.2726
3.299999
3.158168
2.852747
2.801172
2.835018
2.668205
2.537655
2.711721
2.578754
2.788278
2.70608
2.52315
2.730256
2.727032
2.880146
2.648864
2.498168
2.79956
2.66901
2.835018
2.726227
2.461904
2.859194
2.739926
2.70608
2.868058
2.53282
2.83663
2.746373
2.664175
2.847912
2.559413
2.860805
2.764908
2.634359
2.653699
2.685128
3.02923
2.674652
2.64967
2.823736
2.733479
2.934944
2.710109
2.64564
2.843076
2.627106
2.855164
2.655311
2.646446
2.724615
2.75282
3.299999
2.795531
2.775384
3.047765
2.703663
2.834212
2.872893
2.797948
3.167032
2.929304
2.974432
3.012307
2.494139
2.400659
2.559413
2.53282
2.413552
2.614212
2.538461
2.558608
2.656117
2.613406
2.568278
2.531208
2.71978
2.604542
2.590842
2.561025
2.629523
2.668205
2.68271
2.582783
2.714138
2.539267
2.681904
2.606153
2.540073
2.851941
2.432893
2.868864
2.668205
2.52315
2.814871
2.449011
2.920439
2.745567
2.666593
2.771355
2.683516
2.73912
2.672234
2.6263
2.704468
2.296703
2.335384
2.635164
2.466739
2.943003
2.459487
2.818901
2.810842
2.668205
2.765714
2.745567
2.920439
2.771355
2.785054
2.906739
2.83663
3.087252
3.026007
3.000219
3.204908
3.274212
3.196849
3.299999
3.015531
3.299999
3.038901
3.007472
2.784249
2.633553
2.674652
2.511062
2.478021
2.710915
2.318461
2.656117
2.449011
2.515897
2.640805
2.366007
2.54249
2.633553
2.55216
2.65934
2.474798
2.577142
2.656923
2.374871
2.643223
2.541685
2.711721
2.701245
2.87934
2.851941
2.577948
2.66901
2.771355
2.540073
2.877728
2.623882
2.771355
2.810842
2.6263
2.786666
2.616629
2.600512
2.773772
2.64564
2.735091
2.581171
2.619853
2.783443
2.629523
3.187985
3.299999
3.299999
3.299999
2.087985
2.515897
2.516703
2.494139
2.733479
2.597289
2.764102
2.768937
2.655311
2.817289
2.674652
2.788278
2.755238
2.69238
3.030036
2.781025
2.973626
3.022783
2.953479
3.299999
3.042124
3.291135
3.299999
3.209743
3.299999
3.074358
2.399047
2.490915
2.565054
2.469157
2.64564
2.484468
2.364395
2.688351
2.597289
2.567472
2.64967
2.493333
2.706886
2.407106
2.656117
2.616629
2.430476
2.761684
2.521538
2.720586
2.63597
2.504615
2.847105
2.457875
2.753626
2.623076
2.635164
2.829377
2.503003
2.687545
2.714945
2.600512
2.6263
2.71978
2.631135
2.829377
2.433699
2.934139
2.597289
2.702857
2.783443
2.627106
2.887399
2.746373
2.513479
2.791501
2.526373
2.868864
2.655311
2.533626
2.726227
2.616629
2.874505
2.598901
2.812454
2.848717
2.582783
2.928498
2.797142
2.794725
2.913186
2.685128
2.961538
2.896263
3.011501
3.084835
3.133992
3.244395
3.299999
3.012307
3.299999
3.145274
3.171868
3.290329
2.747985
3.036483
2.571501
2.533626
2.511868
2.464322
2.717362
2.352307
2.517509
2.609377
2.461904
2.565054
2.411135
2.601318
2.567472
2.514285
2.655311
2.540073
2.526373
2.552966
2.513479
2.711721
2.656117
2.532014
2.650476
2.527179
2.789084
2.563443
2.672234
2.751208
2.53282
2.817289
2.716556
2.474798
2.955091
2.474798
2.803589
2.619047
2.704468
2.776996
2.720586
2.73912
2.83663
2.63597
2.683516
2.642417
2.687545
2.829377
2.467545
2.820512
2.597289
2.749597
3.106593
3.299999
3.299999
3.094505
2.178241
2.485274
2.33619
2.768937
2.532014
2.86
2.668205
2.614212
3.000219
2.573919
2.851941
2.793113
2.78989
2.93575
2.901904
2.806813
2.946227
3.006666
3.290329
2.944615
3.197655
3.299999
3.174285
2.540073
2.558608
2.402271
2.552966
2.442564
2.603736
2.50945
2.511868
2.474798
2.404688
2.668205
2.643223
2.445787
2.743956
2.371648
2.733479
2.713333
2.357948
2.677875
2.464322
2.739926
2.584395
2.366007
2.797142
2.490109
2.717362
2.594065
2.620659
2.652087
2.577142
2.655311
2.675457
2.575531
2.834212
2.585201
2.745567
2.662564
2.565054
2.913992
2.674652
2.670622
2.777801
2.488497
2.793919
2.586813
2.707692
2.906739
2.278974
3.171868
3.299999
3.299999
2.631941
2.613406
3.014725
2.744761
2.720586
3.013113
2.642417
3.001025
3.013113
2.874505
3.167032
3.038901
3.299999
3.241172
3.299999
3.299999
3.002637
3.24923
2.990549
2.515897
2.958314
2.419999
2.522344
2.732673
2.308791
2.639999
2.423223
2.518315
2.53282
2.4063
2.76652
2.320073
2.517509
2.793113
2.34586
2.694798
2.300732
2.572307
2.779413
2.349084
2.772161
2.56586
2.681098
2.588424
2.37326
2.790695
2.521538
2.544102
2.720586
2.465128
2.720586
2.58923
2.825347
2.630329
2.482856
2.658534
2.969597
2.577948
2.775384
2.751208
2.806813
2.878534
2.793919
2.887399
2.910769
3.080805
2.909963
2.907545
3.299999
3.026813
3.299999
3.299999
3.154945
3.299999
3.209743
3.125128
3.103369
2.750402
2.763296
2.490109
2.616629
2.522344
2.440146
2.545714
2.444175
2.585201
2.577948
2.27978
2.598095
2.588424
2.468351
2.631941
2.545714
2.548937
2.623882
2.494139
2.578754
2.556996
2.634359
2.516703
2.498168
2.605347
2.424029
2.81326
2.639194
2.67304
2.573113
2.573919
2.742344
2.631135
2.526373
2.66901
2.585201
2.693992
2.65934
2.994578
3.299999
3.299999
3.299999
2.305567
2.104908
2.501391
2.474798
2.64967
2.789084
2.52315
2.888205
2.687545
2.741538
2.866446
2.616629
2.878534
2.818095
2.753626
2.962344
2.827765
3.012307
3.02923
3.094505
3.299999
3.123516
3.299999
3.299999
3.275824
3.299999
2.938974
2.868864
2.723809
2.642417
2.586007
2.411135
2.602124
2.449816
2.505421
2.576336
2.52315
2.643223
2.633553
2.500586
2.636776
2.49575
2.718168
2.46271
2.490109
2.706886
2.501391
2.78989
2.526373
2.539267
2.759267
2.625494
2.623882
2.681904
2.803589
2.655311
2.37326
2.688351
2.642417
2.526373
2.640805
2.64967
2.797142
2.498974
2.727838
3.241977
3.299999
3.299999
3.299999
2.197582
2.401465
2.482856
2.676263
2.49575
2.430476
2.952674
2.681098
2.723809
2.844688
2.603736
2.838241
2.75282
2.771355
2.831794
2.785054
3.183955
2.556996
2.616629
2.552966
2.441758
2.711721
2.320879
2.501391
2.461098
2.391794
2.693992
2.432893
2.414358
2.674652
2.449011
2.538461
2.630329
2.577948
2.697216
2.361978
2.636776
2.636776
2.548937
2.653699
2.55619
2.584395
2.656117
2.574725
2.635164
2.564249
2.835018
2.494945
2.417582
2.919633
2.500586
2.64967
2.655311
2.55619
2.937362
2.550549
2.721391
2.831794
2.577948
2.618241
2.520732
2.817289
2.603736
2.458681
2.801172
2.623882
2.606959
2.759267
2.991355
2.610183
2.574725
2.793919
2.56586
2.955897
2.694798
2.897875
2.984102
2.606153
3.179926
2.997802
3.291135
3.299999
3.19282
3.299999
3.13238
3.222637
3.043736
2.698021
3.030036
2.736703
2.487692
2.438534
2.433699
2.73912
2.336996
2.55619
2.706886
2.269304
2.648864
2.52315
2.482051
2.537655
2.42967
2.794725
2.403882
2.501391
2.758461
2.370842
2.733479
2.627106
2.467545
2.548131
2.572307
2.710915
2.527179
2.652087
2.735897
2.385348
2.700439
2.55619
2.984102
2.482856
2.720586
2.829377
2.498974
2.746373
2.722197
2.800366
2.573919
2.552966
2.871281
2.785054
3.299999
3.299999
3.168644
2.720586
2.255604
2.419193
2.681904
2.493333
2.784249
2.548937
2.772161
2.874505
2.540879
3.03326
2.637582
2.773772
2.897069
2.633553
3.059853
2.942197
2.913992
3.235531
2.933333
3.299999
3.21619
3.299999
3.299999
3.100952
3.299999
2.931721
2.83663
2.951062
2.332161
2.714138
2.507032
2.316044
2.702051
2.457875
2.713333
2.520732
2.372454
2.802783
2.487692
2.632747
2.56586
2.477216
2.764908
2.438534
2.623882
2.642417
2.507838
2.855164
2.43934
2.810036
2.567472
2.570695
2.787472
2.541685
2.768131
2.759267
2.625494
2.668205
2.492527
2.698021
2.642417
2.485274
2.874505
2.590842
2.639999
2.990549
3.098534
3.299999
3.299999
2.548937
2.216922
2.230622
2.732673
2.580366
2.591648
2.938974
2.524761
3.013919
2.664175
2.665787
2.918021
2.518315
3.049377
3.015531
3.299999
3.299999
2.750402
2.788278
2.694798
2.461904
2.540073
2.484468
2.540073
2.618241
2.278974
2.728644
2.306373
2.662564
2.474798
2.372454
2.663369
2.458681
2.709303
2.561831
2.407106
2.791501
2.474798
2.536043
2.752014
2.362783
2.889816
2.445787
2.610989
2.71978
2.405494
2.747985
2.43934
2.746373
2.648864
2.419193
2.913186
2.523956
2.727032
2.73912
2.490109
2.818901
2.513479
2.64967
2.737509
2.674652
2.604542
2.867252
2.617435
2.774578
2.724615
2.672234
3.299999
3.299999
3.115457
3.299999
3.151721
3.000219
3.167032
2.642417
2.690769
2.594065
2.558608
2.482051
2.3926
2.624688
2.386959
2.590842
2.416776
2.320879
2.885787
2.35553
2.465128
2.707692
2.350695
2.695604
2.395018
2.724615
2.616629
2.290256
2.888205
2.519926
2.487692
2.694798
2.517509
2.789084
2.501391
2.584395
2.669816
2.477216
2.781025
2.607765
2.669816
2.537655
2.477216
2.901098
2.677875
2.629523
2.744761
2.617435
2.976043
2.475604
2.619853
2.128278
2.619853
2.475604
2.517509
2.661758
2.559413
2.945421
2.64967
2.600512
2.894651
2.643223
2.929304
2.848717
2.584395
2.891428
2.923662
2.996996
3.017143
2.941391
3.299999
3.076776
3.299999
3.299999
3.175897
3.299999
2.882564
3.062271
2.87934
2.558608
2.693992
2.403882
2.605347
2.721391
2.255604
2.60293
2.520732
2.500586
2.550549
2.480439
2.700439
2.330549
2.656117
2.745567
2.232234
2.891428
2.615824
2.480439
2.588424
2.447399
2.930915
2.758461
2.755238
2.45304
2.951868
2.576336
2.530402
2.956703
2.510256
2.765714
2.707692
2.577948
2.702857
2.539267
2.835824
2.644029
2.502197
2.656117
2.64564
3.145274
3.299999
3.299999
3.299999
2.354725
2.366813
2.460292
2.416776
2.974432
2.424029
2.810036
2.566666
2.795531
2.933333
2.616629
2.785054
2.969597
2.508644
3.135604
2.644834
3.086447
3.071135
2.933333
3.299999
3.059047
3.299999
3.299999
3.175091
3.299999
2.95912
3.11304
2.918021
2.532014
2.681098
2.568278
2.367618
2.739926
2.346666
2.871281
2.52315
2.436923
2.71978
2.321684
2.785054
2.623076
2.435311
2.861611
2.372454
2.897069
2.550549
2.573919
2.718168
2.451428
2.800366
2.76249
2.497362
2.739926
2.584395
2.679487
2.852747
2.512673
2.862417
2.63597
2.652893
2.807619
2.370842
2.746373
2.668205
2.67304
2.662564
2.481245
3.026007
2.973626
3.299999
3.299999
2.481245
2.372454
2.265274
2.513479
2.662564
2.560219
2.919633
2.484468
2.892234
3.081611
2.910769
3.299999
3.248424
3.299999
3.299999
2.984102
3.299999
2.932527
2.660146
2.772161
2.548131
2.637582
2.469157
2.48608
2.544102
2.211282
2.738314
2.483662
2.469157
2.64564
2.265274
2.747985
2.627912
2.333772
2.781025
2.393406
2.849523
2.613406
2.399853
2.872893
2.442564
2.670622
2.578754
2.501391
2.903516
2.447399
2.660952
2.552966
2.449816
2.847105
2.421611
2.698021
2.772161
2.679487
2.84227
2.427252
2.872087
2.681098
2.338608
2.801172
2.136337
2.375677
2.675457
2.422417
2.887399
2.490109
2.75282
2.929304
2.516703
2.708498
2.722197
2.860805
2.977655
2.507032
3.04293
2.944615
2.811648
2.994578
2.999413
3.299999
3.164615
3.189596
3.299999
3.207325
3.299999
3.016336
2.806813
2.8463
2.501391
2.888205
2.567472
2.34586
2.545714
2.258021
2.69641
2.523956
2.503809
2.71978
2.349889
2.714138
2.561831
2.376483
2.741538
2.51912
2.71978
2.426446
2.656117
2.826153
2.32249
2.746373
2.642417
3.031648
3.025201
2.577948
2.699633
2.878534
2.58923
2.723003
2.45304
2.690769
2.678681
2.534432
2.772161
2.637582
2.657728
2.759267
2.703663
3.299999
3.299999
3.299999
2.700439
2.095238
2.724615
2.428058
2.639194
2.71978
2.513479
2.880146
2.652087
2.804395
2.770549
2.614212
2.880952
2.839853
2.782637
3.017143
2.784249
3.094505
2.977655
3.113846
3.229084
3.125128
3.299999
3.299999
3.12271
3.299999
2.739926
3.12271
2.737509
2.552966
2.771355
2.290256
2.642417
2.468351
2.523956
2.732673
2.320879
2.674652
2.503003
2.465934
2.726227
2.303149
2.76652
2.660146
2.436923
2.845494
2.35956
2.622271
2.580366
2.537655
2.725421
2.611794
2.717362
2.759267
2.416776
2.85597
2.731062
2.527179
2.810036
2.345054
2.934139
2.397435
2.722197
2.687545
2.385348
2.977655
2.644029
3.299999
3.299999
2.84227
2.742344
3.094505
2.913186
3.046153
2.969597
3.096922
3.299999
3.299999
3.129157
3.299999
3.038095
3.299999
2.953479
2.96315
2.831794
2.539267
2.689963
2.511868
2.343443
2.858388
2.449816
2.590842
2.720586
2.387765
2.727032
2.534432
2.54652
2.782637
2.309597
2.803589
2.515091
2.524761
2.83663
2.286226
2.797948
2.461098
2.781831
2.573113
2.45304
2.950256
2.619047
2.455457
2.746373
2.674652
2.901904
2.494139
2.65934
2.643223
2.411135
2.872893
2.559413
2.610183
2.782637
3.038901
3.299999
3.299999
3.158168
2.281391
2.174212
2.700439
2.491721
2.56989
2.906739
2.577948
2.72945
2.810842
3.228278
3.299999
3.141245
3.299999
3.270988
3.158974
3.299999
2.699633
2.851135
3.034065
2.471575
2.648864
2.610989
2.537655
2.492527
2.366813
2.797142
2.303149
2.606959
2.507032
2.494945
2.803589
2.424029
2.568278
2.660952
2.500586
2.691575
2.566666
2.592454
2.787472
2.371648
2.943003
2.473992
2.608571
2.972014
2.440952
2.736703
2.689157
2.502197
2.901098
2.63597
2.710109
2.54652
2.847105
2.855164
2.341831
2.943809
2.639194
2.51912
2.883369
2.655311
2.861611
2.731062
2.746373
3.038901
2.47238
2.939779
3.067912
2.732673
2.933333
2.913992
3.093699
2.887399
2.913992
3.29597
2.938974
3.294358
3.299999
3.209743
3.299999
3.299999
3.292747
3.299999
2.871281
3.163809
2.838241
2.622271
2.923662
2.453846
2.74315
2.530402
2.698827
2.72945
2.338608
2.810842
2.67304
2.54249
2.628717
2.482051
3.045347
2.574725
2.593259
2.82293
2.460292
2.811648
2.578754
2.714945
2.871281
2.515091
2.875311
2.636776
2.748791
2.43934
2.399047
3.004248
2.680293
2.569084
3.108205
2.510256
2.868864
2.835824
2.681904
3.299999
3.299999
3.299999
3.299999
2.28945
2.681904
2.577948
2.72945
2.772161
2.697216
2.904322
2.707692
2.961538
2.835018
2.788278
3.167838
2.667399
3.071135
2.990549
2.700439
3.299999
3.000219
3.074358
3.194432
3.278241
3.299999
3.130769
3.299999
3.299999
2.887399
3.241172
2.887399
2.868864
2.829377
2.367618
2.81326
2.492527
2.477216
2.749597
2.388571
2.770549
2.569084
2.488497
2.955091
2.39663
2.815677
2.449011
2.633553
2.684322
2.565054
2.736703
2.643223
2.60293
2.768937
2.491721
2.689963
2.64967
2.620659
2.887399
2.444981
3.010695
2.793919
2.388571
2.868058
2.371648
2.66901
2.671428
2.324102
2.829377
2.506227
2.914798
3.018754
3.299999
3.299999
3.299999
2.594871
2.358754
2.217728
2.552966
2.666593
2.69238
2.699633
2.617435
2.930109
2.745567
2.826153
2.969597
2.56989
3.14608
2.858388
2.788278
3.02923
2.671428
2.652893
2.490109
2.6126
2.436117
2.66901
2.519926
2.423223
2.527179
2.400659
2.53282
2.507838
2.540073
2.577948
2.260439
2.720586
2.648864
2.307179
2.520732
2.49978
2.565054
2.496556
2.580366
2.465128
2.354725
2.577948
2.316044
2.552966
2.661758
2.457069
2.625494
2.527179
2.507032
2.610183
2.616629
2.572307
2.533626
2.598901
2.545714
2.385348
2.747179
2.629523
2.604542
2.887399
2.569084
2.746373
2.565054
2.54652
2.745567
2.411135
2.548937
2.703663
2.465128
2.607765
2.754432
2.854358
2.638388
2.797948
2.819706
2.54249
2.913992
2.985714
2.629523
2.975238
2.901098
3.080805
3.058241
3.078388
3.299999
3.274212
3.212161
3.299999
3.222637
3.205714
3.050988
2.763296
2.780219
2.681098
2.520732
2.623882
2.60293
2.433699
2.433699
2.764908
2.458681
2.593259
2.557802
2.433699
2.773772
2.512673
2.36923
2.884981
2.513479
2.65934
2.698021
2.58923
2.672234
2.655311
2.606153
2.745567
2.437728
2.803589
2.849523
2.862417
2.943809
2.585201
2.828571
2.740732
2.666593
2.8463
2.72945
2.851941
2.797948
3.086447
3.299999
3.299999
3.299999
2.615824
2.1863
2.572307
2.81326
2.924468
2.712527
3.013919
2.913186
2.872087
3.250036
2.909963
2.973626
3.299999
3.299999
3.17912
2.918021
3.010695
3.016336
2.782637
2.656117
3.048571
2.789084
2.823736
3.021172
2.848717
3.139633
2.887399
2.852747
3.002637
2.726227
3.165421
3.048571
2.950256
2.955897
3.078388
2.951868
2.872087
3.299999
3.225054
3.064688
3.067106
3.04293
2.976043
3.086447
3.004248
3.018754
2.899487
2.920439
3.190402
2.932527
3.252454
3.299999
3.299999
3.299999
2.818095
2.516703
2.718168
2.965567
3.125934
2.795531
2.895457
3.085641
2.98249
3.038901
2.922857
3.223443
3.192014
2.787472
3.097728
3.243589
3.299999
3.026007
3.157362
3.299999
3.299999
3.232307
3.299999
3.299999
3.299999
3.299999
3.158168
3.048571
2.862417
2.877728
2.63597
2.801172
2.758461
2.291868
2.71978
2.604542
2.565054
2.810842
2.681098
2.607765
2.690769
2.408718
2.820512
2.6263
2.54249
2.732673
2.583589
2.820512
2.537655
2.489304
2.78586
2.597289
2.737509
2.639999
2.711721
2.595677
2.35956
2.745567
2.639194
2.619047
2.594871
2.519926
2.52879
2.979267
3.16945
3.299999
3.299999
2.548937
2.170989
2.345054
2.488497
2.294285
2.54652
2.479633
2.623882
2.714138
2.403882
2.656117
2.604542
2.524761
2.765714
2.677875
2.777801
2.688351
3.02923
2.375677
2.642417
2.430476
2.22337
2.501391
2.268498
2.095238
2.541685
2.316849
2.488497
2.498168
2.381318
2.272527
2.307179
2.580366
2.436923
2.42967
2.385348
2.473992
2.361978
2.324908
2.63597
2.785054
2.228205
2.580366
2.35553
2.47641
2.633553
2.24271
2.536849
2.475604
2.752014
2.487692
2.374065
2.86967
2.300732
2.443369
2.73912
2.212893
2.822124
2.403076
2.527179
2.616629
2.104102
2.859194
3.003443
3.299999
3.299999
2.412747
2.442564
2.039633
2.858388
2.89304
2.77619
2.885787
2.943003
2.913186
3.287912
2.884175
3.299999
3.171062
3.094505
3.299999
3.030036
3.061465
2.801172
2.610183
2.578754
2.342637
2.294285
2.427252
2.387765
2.473186
2.426446
2.378901
2.420805
2.163736
2.722197
2.423223
2.362783
2.522344
2.208058
2.714138
2.474798
2.245128
2.6263
2.273333
2.778607
2.474798
2.418388
2.610989
2.268498
2.600512
2.578754
2.55216
2.519926
2.448204
2.758461
2.404688
2.700439
2.758461
2.316044
3.299999
3.299999
2.110549
2.491721
2.063003
2.788278
2.701245
2.474798
2.848717
2.540073
2.992161
2.703663
2.582783
3.068717
2.681098
2.709303
3.108205
2.774578
3.216996
3.012307
3.14608
3.299999
3.022783
3.299999
3.293553
3.299999
3.299999
3.093699
3.167032
2.994578
2.877728
2.686739
2.513479
2.722197
2.430476
2.561831
2.527179
2.461098
2.590842
2.488497
2.639194
2.48608
2.618241
2.713333
2.543296
2.597289
2.564249
2.540073
2.874505
2.437728
2.660146
2.395018
2.561831
2.806007
2.76652
2.442564
2.785054
2.455457
2.64967
2.735897
2.436923
2.843882
2.449011
2.946227
3.00586
3.299999
3.299999
3.110622
2.449011
2.243516
2.287032
2.759267
2.548937
2.915604
2.764102
2.631135
2.897069
2.686739
2.835018
2.952674
2.471575
3.262124
2.821318
3.023589
3.187179
2.833406
3.299999
3.061465
3.299999
3.246813
3.205714
3.299999
3.284688
3.074358
3.075164
2.784249
2.909157
2.6126
2.561831
2.830183
2.365201
2.749597
2.761684
2.658534
2.411941
2.728644
2.767326
2.483662
2.782637
2.461904
2.705274
2.824542
2.648864
2.639194
2.641611
2.797142
2.705274
2.677875
2.745567
2.482051
2.630329
2.745567
2.591648
2.868058
2.447399
2.772161
2.771355
2.862417
3.299999
3.299999
3.299999
2.35553
1.984029
2.527179
2.706886
2.735897
2.759267
2.661758
2.780219
2.812454
2.748791
2.917216
2.597289
2.926886
2.835824
2.872087
3.093699
2.810842
3.299999
2.881758
3.262124
3.299999
3.275018
2.683516
2.413552
2.475604
2.674652
2.328937
2.745567
2.399853
2.51912
2.623076
2.328937
2.864029
2.494945
2.501391
2.808424
2.235457
2.810842
2.648864
2.442564
2.623076
2.778607
2.634359
2.958314
3.299999
3.299999
2.971208
2.008204
2.269304
2.442564
2.39663
2.791501
2.544908
2.555384
2.643223
2.737509
2.855164
2.578754
2.919633
2.848717
2.578754
3.050988
2.909963
2.851941
3.068717
3.048571
3.252454
3.256483
3.299999
3.299999
3.09934
3.299999
2.971208
2.853553
2.587619
2.576336
2.652087
2.440146
2.610183
2.563443
2.336996
2.716556
2.52879
2.511062
2.792307
2.384542
2.630329
2.584395
2.523956
2.749597
2.56989
2.653699
2.704468
2.575531
2.687545
2.604542
2.732673
2.427252
2.63597
2.665787
2.586813
2.816483
2.523956
2.494945
2.77619
2.854358
3.299999
3.299999
3.299999
2.707692
2.249157
2.473186
2.527179
2.578754
2.81326
2.588424
2.957509
2.84227
2.535238
3.030036
2.812454
2.855164
2.804395
2.733479
3.154139
2.924468
2.761684
2.901098
2.594871
2.834212
2.503809
2.483662
2.710915
2.548937
2.576336
2.428058
2.533626
2.810036
2.361172
2.723809
2.58923
2.487692
2.711721
2.414358
2.868864
2.657728
2.519926
2.669816
2.636776
2.745567
2.557802
2.639999
2.887399
2.513479
2.852747
2.752014
2.656117
2.731868
2.539267
2.720586
2.810036
2.494139
2.746373
2.655311
2.756849
2.681904
2.652893
2.858388
3.299999
3.299999
3.299999
2.390988
2.385348
2.404688
2.803589
2.602124
3.197655
2.903516
3.067106
3.226666
3.229889
3.299999
3.197655
3.299999
3.299999
2.975238
3.268571
2.945421
2.623076
2.83663
2.511868
2.671428
2.498168
2.513479
2.485274
2.414358
2.814871
2.454652
2.588424
2.600512
2.416776
2.71575
2.548937
2.421611
2.615018
2.540073
2.948644
2.577948
2.52879
2.732673
2.363589
2.881758
2.610183
2.403076
2.863223
2.473186
2.851135
2.657728
2.69641
2.756849
2.74315
2.642417
2.711721
2.492527
2.938974
2.489304
2.817289
2.500586
2.526373
2.681098
2.646446
2.951868
2.768131
2.464322
3.062271
2.71978
2.760879
3.018754
2.577948
3.113846
2.784249
2.810842
3.289523
2.932527
3.255677
3.299999
3.299999
3.298388
3.062271
3.299999
2.951062
2.943003
2.971208
2.453846
2.630329
2.586813
2.587619
2.474798
2.398241
2.705274
2.465128
2.367618
2.834212
2.484468
2.638388
2.488497
2.513479
2.623076
2.48608
2.753626
2.516703
2.593259
2.86
2.539267
2.615824
2.614212
2.511062
2.758461
2.608571
2.588424
2.849523
2.498974
2.614212
2.510256
3.178315
3.299999
3.299999
3.299999
2.233845
2.250769
2.591648
2.590842
2.494139
2.646446
2.824542
2.761684
2.599706
3.022783
2.651282
2.817289
2.694798
2.75282
3.13238
2.785054
2.987325
3.125934
2.759267
3.299999
3.058241
3.299999
3.299999
3.119487
3.240366
3.107399
2.855164
2.746373
2.539267
2.756043
2.507838
2.288644
2.796336
2.213699
2.756849
2.417582
2.49978
2.545714
2.324908
2.611794
2.603736
2.793919
2.631941
2.329743
2.652893
2.737509
2.52315
2.72945
2.474798
2.656117
2.709303
2.623076
2.768131
2.606153
2.774578
2.661758
2.432893
2.538461
2.664175
2.731062
2.510256
2.409523
3.299999
3.299999
3.299999
3.299999
2.094432
2.527179
2.407106
2.550549
2.763296
2.54249
2.967179
2.487692
2.657728
2.861611
2.534432
3.042124
2.624688
2.838241
2.82293
2.69641
3.067912
2.888205
3.142051
3.230695
3.170256
3.299999
3.178315
3.164615
3.275018
2.943809
2.600512
2.586813
2.414358
2.707692
2.397435
2.560219
2.547325
2.397435
2.8326
2.494139
2.732673
2.448204
2.576336
2.676263
2.55619
2.511868
2.656117
2.474798
2.623882
2.648864
2.556996
2.711721
2.492527
2.759267
2.593259
2.577948
2.77619
2.590842
2.712527
2.646446
2.726227
2.557802
2.543296
2.835824
2.469963
2.791501
2.603736
2.339413
2.978461
2.984102
3.299999
3.299999
3.299999
2.565054
2.067838
2.488497
2.677875
2.378095
2.768937
2.777801
2.590842
3.119487
3.059047
3.299999
3.10901
3.11304
3.299999
3.14608
3.299999
2.887399
2.49575
2.233845
2.830183
2.522344
2.727838
2.561831
2.324102
2.727032
2.500586
2.706886
2.539267
2.320879
2.780219
2.484468
2.611794
2.547325
2.536043
2.677875
2.446593
2.736703
2.71978
2.449011
2.686739
2.662564
2.777801
2.637582
2.417582
2.943003
2.602124
2.484468
2.567472
2.578754
2.731062
2.417582
2.714138
2.571501
2.617435
3.299999
3.299999
3.299999
2.952674
2.078315
2.366007
2.625494
3.034871
2.913992
2.839047
3.061465
2.928498
3.106593
3.229084
3.044542
3.299999
3.264542
3.094505
3.299999
2.887399
3.059047
2.777801
2.460292
2.639999
2.474798
2.514285
2.560219
2.332967
2.46271
2.432893
2.471575
2.341831
2.500586
2.505421
2.488497
2.693186
2.432893
2.339413
2.736703
2.461098
2.571501
2.519926
2.372454
2.764908
2.432087
2.701245
2.637582
2.300732
2.73912
2.388571
2.592454
2.494139
2.348278
2.977655
2.443369
2.598095
2.603736
2.329743
2.824542
2.599706
2.526373
2.385348
2.505421
3.171062
3.299999
3.299999
2.868058
1.857509
2.286226
2.143589
2.445787
2.515091
2.398241
2.655311
2.238681
2.440146
2.847105
2.229816
2.786666
2.419193
2.555384
2.638388
2.488497
2.678681
2.780219
2.610183
3.07597
2.862417
3.061465
2.772967
2.973626
3.11304
2.50945
2.656117
2.475604
2.133113
2.270915
2.096849
2.094432
2.077508
1.933259
2.298314
1.961465
2.033992
2.157289
1.964688
2.1726
2.05575
2.123443
1.889743
1.960659
2.236263
1.984029
2.218534
2.150842
1.856703
2.366813
2.131501
2.255604
2.187911
2.043663
2.328131
1.970329
2.043663
2.25641
1.994505
2.228205
2.12586
2.062197
2.187106
2.463516
3.240366
3.2726
2.689963
1.926813
1.670549
2.246739
2.087985
2.060585
2.320879
2.075091
2.327325
2.197582
2.300732
2.411135
2.253186
2.505421
2.346666
2.332161
2.458681
2.46271
2.768131
2.60293
2.623882
2.938974
2.714945
3.017143
2.882564
2.723003
2.981684
2.19597
2.260439
2.211282
2.191135
2.374065
2.238681
2.371648
2.179047
2.260439
2.443369
2.245128
2.405494
2.342637
2.169377
2.674652
2.212087
2.349889
2.555384
2.201611
2.606153
2.233845
2.548131
2.56989
2.432087
2.655311
2.352307
2.6126
2.539267
2.233845
2.694798
2.416776
2.409523
2.800366
2.351501
2.530402
2.469963
2.603736
3.210549
3.299999
3.299999
2.423223
2.108131
2.497362
2.261245
2.717362
2.664981
2.606959
2.75282
2.623076
2.877728
2.733479
3.299999
3.299999
3.280659
3.299999
3.293553
2.94945
3.242784
2.623076
2.797948
2.757655
2.53282
2.670622
2.507032
2.616629
2.52879
2.484468
2.759267
2.547325
2.874505
2.587619
2.46271
2.844688
2.434505
2.769743
2.797948
2.539267
2.778607
2.633553
2.803589
2.774578
2.617435
2.990549
2.511868
2.704468
2.83663
2.705274
2.938974
2.590842
2.785054
2.866446
2.829377
2.835824
2.888205
2.816483
2.758461
2.669816
3.087252
2.641611
2.798754
2.913186
2.603736
2.600512
2.694798
3.063882
2.712527
2.984102
2.8463
2.716556
3.012307
2.774578
2.930109
3.063882
2.826959
3.299999
3.02923
3.223443
