0.9139
-0.65358
-2.40981
-4.36842
-6.5967
-9.07485
-11.68911
-14.35308
-16.93023
-19.12487
-20.5527
-20.82656
-19.62315
-16.69056
-12.00765
-5.84717
1.24656
8.62165
15.59481
21.50306
25.87562
28.58004
29.79594
29.85403
29.09944
27.80843
26.19533
24.41941
22.58883
20.67175
18.53232
16.14447
13.70478
11.49438
9.65513
8.10061
6.65304
5.26056
3.96565
2.76953
1.58392
0.30285
-1.10735
-2.59086
-4.09691
-5.64025
-7.25727
-8.95944
-10.72214
-12.48357
-14.07053
-15.17757
-15.43524
-14.509
-12.18685
-8.46057
-3.59324
1.94666
7.5132
12.39656
16.11597
18.52876
19.75526
20.04704
19.6982
18.94971
17.94569
16.82554
15.67236
14.46229
13.14274
11.70579
10.16206
8.50511
6.73939
4.90758
3.12416
1.56467
0.33018
-0.66633
-1.58376
-2.59353
-3.85872
-5.45912
-7.30933
-9.20628
-10.99859
-12.73382
-14.61282
-16.71794
-18.85474
-20.55409
-21.3065
-20.65541
-18.23193
-13.87648
-7.75834
-0.40824
7.3078
14.39064
20.00883
23.83087
25.70812
25.78417
24.44814
22.27272
19.83264
17.51148
15.42426
13.52587
11.77285
10.12378
8.39408
6.42142
4.27142
2.24201
0.55909
-0.83527
-2.18284
-3.61766
-5.04734
-6.36236
-7.6151
-8.94121
-10.49166
-12.35441
-14.49068
-16.67623
-18.65942
-20.32878
-21.61958
-22.33974
-22.17361
-20.74033
-17.64052
-12.59387
-5.85835
1.80709
9.42249
16.06294
21.02944
24.00285
25.08924
24.69026
23.30535
21.3872
19.33199
17.39187
15.62054
13.88208
11.97946
9.8137
7.45703
5.12213
3.02989
1.23337
-0.37045
-1.88741
-3.34208
-4.69243
-5.93867
-7.1751
-8.50491
-9.96219
-11.56736
-13.38747
-15.44306
-17.61081
-19.63898
-21.29247
-22.4146
-22.80016
-22.08067
-19.77455
-15.54723
-9.4819
-2.12203
5.62283
12.83237
18.69828
22.77392
24.99345
25.55109
24.87745
23.53753
21.9859
20.43479
18.89792
17.39595
15.83627
14.01747
11.78267
9.25864
6.80369
4.68939
2.92848
1.36416
-0.14322
-1.58824
-2.89571
-4.10305
-5.27562
-6.48961
-7.88829
-9.58402
-11.47844
-13.37299
-15.17204
-16.81445
-18.13445
-18.82636
-18.47464
-16.59567
-12.86284
-7.28496
-0.34581
7.18513
14.41081
20.49709
24.90846
27.47527
28.32228
27.82753
26.52978
24.92527
23.30008
21.71798
20.10007
18.32746
16.30886
13.98035
11.35843
8.65579
6.17521
4.01249
2.08476
0.2695
-1.4123
-2.87178
-4.15055
-5.40421
-6.75364
-8.29324
-10.11283
-12.17744
-14.25457
-16.16918
-17.89436
-19.37035
-20.30701
-20.20876
-18.59155
-15.19399
-10.06723
-3.63259
3.41534
10.32963
16.36135
20.94146
23.77267
24.96157
24.91322
24.03079
22.56748
20.77576
18.96817
17.241
15.45881
13.50378
11.44093
9.39554
7.36936
5.28943
3.19843
1.30184
-0.23743
-1.47891
-2.6266
-3.83877
-5.19489
-6.67127
-8.14098
-9.54295
-10.95748
-12.48327
-14.19578
-16.12617
-18.04981
-19.43375
-19.62366
-18.14977
-14.81541
-9.63965
-2.87036
4.90127
12.77367
19.79937
25.26733
28.82295
30.54072
30.71
29.82148
28.35878
26.5983
24.65429
22.65202
20.65245
18.53611
16.19727
13.78555
11.53814
9.59084
7.84965
6.16533
4.4636
2.7618
1.1452
-0.30273
-1.60095
-2.88186
-4.26258
-5.78904
-7.44842
-9.28711
-11.27525
-13.25161
-15.07015
-16.65004
-17.8519
-18.36188
-17.72993
-15.52871
-11.43521
-5.59094
1.38252
8.62012
15.22358
20.38852
23.70014
25.24174
25.30399
24.2169
22.39571
20.36754
18.42193
16.62486
14.88483
13.09609
11.14229
8.97372
6.74616
4.71309
2.99311
1.5594
0.32912
-0.82948
-2.04841
-3.37783
-4.74037
-6.0519
-7.34738
-8.72526
-10.23013
-11.8624
-13.62714
-15.50997
-17.42465
-19.23881
-20.86022
-22.15171
-22.79627
-22.2958
-20.15395
-16.10343
-10.24117
-3.06598
4.69581
12.16718
18.47085
23.05362
25.78668
26.88466
26.707
25.65747
24.15006
22.55183
21.0357
19.54105
17.94717
16.18899
14.27798
12.2505
10.15746
8.11723
6.27292
4.66819
3.2463
1.96942
0.81526
-0.28763
-1.49621
-2.90016
-4.41297
-5.90165
-7.36715
-8.95674
-10.80872
-12.85496
-14.83557
-16.60298
-18.11356
-19.25853
-19.7417
-19.16822
-17.14897
-13.34662
-7.6569
-0.45312
7.47813
15.13999
21.72393
26.53957
29.44999
30.69229
30.64824
29.77463
28.49606
27.11215
25.7941
24.56827
23.31692
21.86869
20.14965
18.11636
15.8079
13.40639
11.16761
9.28718
7.79308
6.58016
5.49481
4.33448
2.944
1.35519
-0.23318
-1.74232
-3.27093
-4.9446
-6.77212
-8.6415
-10.41115
-12.01222
-13.51809
-15.1058
-16.83814
-18.54587
-19.85054
-20.29392
-19.41236
-16.80468
-12.22654
-5.69167
2.36178
10.97154
18.97662
25.49379
30.06269
32.72329
33.7629
33.59242
32.66769
31.35707
29.87117
28.31641
26.74658
25.13908
23.4131
21.50544
19.38987
17.07921
14.65596
12.30287
10.20367
8.39718
6.77658
5.21959
3.65733
2.0973
0.59029
-0.85379
-2.33069
-3.99418
-5.9096
-8.00781
-10.16627
-12.26478
-14.18318
-15.86393
-17.25369
-18.16564
-18.16401
-16.70234
-13.44264
-8.44018
-2.08513
5.00402
12.02854
18.09198
22.57099
25.17304
26.09661
25.78907
24.68091
23.09112
21.24999
19.36003
17.55258
15.8082
14.00309
11.98868
9.8036
7.65044
5.68518
3.89523
2.22976
0.72162
-0.59236
-1.80991
-3.07048
-4.36512
-5.653
-6.95755
-8.35787
-9.87479
-11.51956
-13.36119
-15.38637
-17.40658
-19.1474
-20.29086
-20.46465
-19.27452
-16.34163
-11.59643
-5.3471
1.78835
8.97274
15.304
20.06935
22.95741
24.08504
23.83202
22.66572
21.02443
19.26802
17.53074
15.79851
14.0845
12.41681
10.71176
8.83424
6.80832
4.84487
3.13669
1.76229
0.66579
-0.27681
-1.21409
-2.26309
-3.45178
-4.71474
-5.98997
-7.29374
-8.67258
-10.17543
-11.85598
-13.66738
-15.39162
-16.6732
-17.10718
-16.26554
-13.79533
-9.60156
-3.89616
2.83624
9.90139
16.40006
21.4755
24.74391
26.27973
26.38887
25.45873
23.91418
22.14356
20.40193
18.75079
17.08188
15.29399
13.34732
11.2146
8.92738
6.63555
4.54029
2.76065
1.29554
0.06798
-1.02649
-2.11069
-3.30229
-4.71405
-6.37153
-8.15607
-9.91705
-11.61132
-13.29892
-15.05333
-16.85203
-18.43916
-19.27333
-18.76656
-16.55242
-12.62052
-7.20729
-0.73039
6.18092
12.72081
18.10508
21.81325
23.70755
24.06131
23.30665
21.921
20.26241
18.53168
16.83237
15.21161
13.60875
11.93926
10.19425
8.52074
6.92292
5.41651
3.97841
2.55493
1.1473
-0.16329
-1.33187
-2.39632
-3.41954
-4.47705
-5.68893
-7.17965
-8.98622
-10.92198
-12.73627
-14.28312
-15.50117
-16.20406
-15.95711
-14.20598
-10.59001
-5.22846
1.28474
8.24212
14.868
20.52327
24.63327
26.85669
27.29359
26.36844
24.53791
22.16297
19.63394
17.20716
14.96593
12.88973
10.89023
8.88893
6.88166
4.92503
3.06891
1.30969
-0.43718
-2.23021
-3.9688
-5.48581
-6.74008
-7.85784
-9.0286
-10.45717
-12.27499
-14.40229
-16.57891
-18.5729
-20.25637
-21.49995
-22.01579
-21.35645
-19.09896
-15.09344
-9.55867
-2.98764
3.94972
10.49848
15.93675
19.68858
21.56341
21.74392
20.68899
18.85192
16.48932
13.76033
10.91025
8.20685
5.74731
3.44699
1.19958
-1.05227
-3.23038
-5.19087
-6.86133
-8.33964
-9.80568
-11.32072
-12.79383
-14.15356
-15.46547
-16.86438
-18.49133
-20.44896
-22.79491
-25.36325
-27.68204
-29.15714
-29.2745
-27.69471
-24.31327
-19.26217
-12.91566
-5.71197
1.59458
8.15342
13.24076
16.46039
17.69778
17.07435
15.15268
12.7722
10.49944
8.50553
6.59698
4.6027
2.65362
1.02904
-0.1336
-0.95105
-1.62659
-2.2963
-3.03054
-3.88588
-4.89094
-5.99721
-7.15471
-8.40913
-9.91643
-11.7181
-13.64959
-15.5004
-17.11334
-18.28468
-18.65442
-17.76774
-15.25935
-10.93746
-4.95997
2.20697
9.83792
17.07558
23.15961
27.66661
30.55194
32.00862
32.35089
31.91394
30.92139
29.54727
28.01061
26.4911
25.00857
23.50308
21.94884
20.30629
18.48715
16.48706
14.43915
12.50287
10.75312
9.13418
7.49548
5.67766
3.67363
1.67083
-0.12204
-1.64922
-2.96448
-4.07394
-4.81194
-4.85626
-3.81935
-1.36887
2.64871
8.13585
14.70128
21.6474
28.10002
33.26142
36.71788
38.33784
38.26581
36.85427
34.57762
31.91878
29.20689
26.52813
23.83102
21.10033
18.42179
15.85631
13.43465
11.12905
8.95194
7.0017
5.36206
3.99669
2.78554
1.62352
0.43469
-0.87495
-2.45178
-4.3362
-6.38082
-8.34305
-10.11001
-11.7483
-13.28474
-14.56075
-15.32846
-15.27345
-13.93009
-10.81492
-5.81922
0.66853
7.91101
15.063
21.32988
26.0347
28.7632
29.52598
28.6642
26.67608
24.11267
21.53736
19.17622
16.91876
14.62808
12.3757
10.35557
8.65876
7.24679
6.04862
4.95811
3.82828
2.53935
1.10696
-0.39693
-1.9586
-3.67498
-5.6728
-7.94555
-10.28434
-12.41733
-14.21317
-15.74377
-17.19734
-18.73833
-20.39198
-21.88847
-22.77844
-22.725
-21.5526
-19.10776
-15.24558
-9.93541
-3.33312
4.09816
11.41888
17.57275
21.76873
23.71026
23.54152
21.66934
18.5938
14.87867
11.0648
7.58948
4.68066
2.4044
0.77028
-0.19638
-0.53257
-0.40409
-0.03579
0.3951
0.75096
0.85477
0.49231
-0.47258
-1.93396
-3.57663
-5.15823
-6.70517
-8.36606
-10.16187
-11.91852
-13.43083
-14.66229
-15.72528
-16.66758
-17.4607
-18.06996
-18.43176
-18.35491
-17.49197
-15.46471
-12.01074
-7.08736
-1.0201
5.63963
12.11697
17.6435
21.54918
23.41524
23.1904
21.15412
17.87622
14.07616
10.33821
7.05784
4.43459
2.60228
1.59568
1.43068
2.02509
3.14952
4.48652
5.73963
6.71948
7.31361
7.44569
7.07841
6.22498
4.91565
3.20921
1.27828
-0.63926
-2.42451
-4.10482
-5.72266
-7.25795
-8.66432
-9.92506
-11.02996
-11.8377
-12.11235
-11.59618
-10.08527
-7.46627
-3.73431
0.94145
6.11691
11.09118
15.13342
17.58182
18.15286
16.92671
14.2053
10.43328
6.21194
2.15612
-1.36583
-4.26937
-6.5511
-8.13645
-8.87453
-8.64848
-7.54029
-5.84565
-3.98146
-2.34835
-1.1958
-0.55859
-0.35517
-0.53725
-1.11788
-2.11519
-3.45143
-4.92871
-6.34471
-7.62117
-8.77295
-9.83227
-10.84861
-11.83576
-12.61188
-12.75139
-11.86016
-9.82994
-6.74194
-2.71784
2.00466
6.95031
11.47366
14.96416
17.00903
17.43548
16.28891
13.76766
10.22417
6.10515
1.91293
-1.87793
-4.93507
-7.08538
-8.26968
-8.55651
-8.14358
-7.2503
-6.06097
-4.75916
-3.50367
-2.40814
-1.59625
-1.20888
-1.32464
-1.89609
-2.76178
-3.73107
-4.70796
-5.69011
-6.75714
-7.98285
-9.31097
-10.53508
-11.41939
-11.7741
-11.39604
-10.04849
-7.6178
-4.17186
-0.04389
4.2209
7.97999
10.69934
12.03616
11.84351
10.23402
7.39489
3.70338
-0.44688
-4.62651
-8.32088
-11.20719
-13.19542
-14.39033
-14.94974
-14.97092
-14.50539
-13.6396
-12.53259
-11.38097
-10.37612
-9.65293
-9.24828
-9.06502
-9.00465
-9.08937
-9.42512
-10.05543
-10.91124
-11.86229
-12.86607
-13.94481
-15.03801
-15.87253
-15.99315
-15.04785
-12.97111
-9.89957
-6.09831
-1.96419
2.02227
5.31415
7.35493
7.76574
6.56419
4.13345
0.94068
-2.58395
-6.04764
-9.18427
-11.91149
-14.2068
-15.96581
-17.04771
-17.35312
-16.87294
-15.7099
-14.0801
-12.30478
-10.71771
-9.50941
-8.67975
-8.16507
-7.96027
-8.074
-8.46919
-9.10163
-9.96098
-11.02822
-12.19222
-13.15379
-13.49334
-12.94149
-11.45546
-9.02262
-5.61568
-1.47822
2.87047
6.93629
10.32251
12.62336
13.50806
12.89803
10.94286
7.97529
4.4304
0.66224
-2.96262
-6.15871
-8.84958
-11.0871
-12.80212
-13.81291
-14.0595
-13.617
-12.5877
-11.16625
-9.63697
-8.30151
-7.3204
-6.69578
-6.3736
-6.34019
-6.63854
-7.30378
-8.28057
-9.41416
-10.43365
-11.01429
-10.94954
-10.25238
-8.858
-6.52318
-3.17129
0.82373
4.80358
8.27562
11.05972
12.99291
13.78424
13.24454
11.48958
8.8928
5.83945
2.57959
-0.64182
-3.50847
-5.8025
-7.48623
-8.60097
-9.18412
-9.2363
-8.78951
-7.95626
-6.93792
-5.95251
-5.13756
-4.52383
-4.10714
-3.90941
-3.95418
-4.23635
-4.71763
-5.34929
-6.06766
-6.77474
-7.34583
-7.61868
-7.39757
-6.51023
-4.82996
-2.32678
0.81195
4.13616
7.0208
8.95978
9.72432
9.36528
8.05774
5.98216
3.31038
0.29052
-2.73679
-5.5349
-7.96674
-10.00184
-11.67327
-12.93529
-13.64969
-13.70553
-13.11929
-12.07947
-10.88496
-9.76735
-8.78336
-7.94057
-7.30886
-6.98423
-7.00472
-7.33828
-7.91247
-8.62251
-9.32323
-9.80947
-9.82046
-9.10921
-7.54546
-5.21303
-2.34932
0.79256
3.94962
6.72715
8.6466
9.38849
8.91544
7.43194
5.2857
2.88138
0.47077
-1.91626
-4.27153
-6.39532
-7.98909
-8.93265
-9.3182
-9.27527
-8.87781
-8.13044
-7.05601
-5.80259
-4.60658
-3.66073
-3.0706
-2.86475
-3.00151
-3.41393
-4.04406
-4.83221
-5.71066
-6.49191
-6.93664
-6.85527
-6.11214
-4.6075
-2.3364
0.53933
3.63488
6.36996
8.18395
8.79626
8.26129
6.82699
4.742
2.19762
-0.57191
-3.2572
-5.60743
-7.5394
-9.05489
-10.10732
-10.61045
-10.49549
-9.76855
-8.55241
-7.10723
-5.73455
-4.64725
-3.89521
-3.40567
-3.11525
-3.03383
-3.19194
-3.58447
-4.14348
-4.75852
-5.29579
-5.58409
-5.38277
-4.40775
-2.48165
0.28862
3.46657
6.46508
8.7568
10.01797
10.22179
9.51053
8.05373
5.99904
3.49237
0.76992
-1.80193
-3.89935
-5.43263
-6.43301
-6.93378
-6.97629
-6.61798
-5.91499
-4.94146
-3.8311
-2.716
-1.67743
-0.8925
-0.64428
-1.03774
-1.84001
-2.74324
-3.60267
-4.43115
-5.26074
-5.94576
-6.10905
-5.33472
-3.43898
-0.57685
2.79632
6.12059
8.8762
10.71162
11.54135
11.39535
10.28924
8.34996
5.8629
3.12517
0.31476
-2.30679
-4.44221
-5.91942
-6.74346
-7.00117
-6.79509
-6.23207
-5.42259
-4.51144
-3.67446
-3.02072
-2.6425
-2.6226
-2.96225
-3.57624
-4.37644
-5.25195
-6.07395
-6.77284
-7.27559
-7.36349
-6.71706
-5.08386
-2.50153
0.688
3.97657
6.91289
9.18341
10.53742
10.76587
9.82069
7.88918
5.38396
2.68338
0.0189
-2.43105
-4.44651
-5.83364
-6.54409
-6.67096
-6.35857
-5.73029
-4.86278
-3.8068
-2.61614
-1.43633
-0.49262
0.0381
0.1229
-0.23015
-1.02345
-2.15625
-3.41839
-4.6088
-5.54034
-5.9528
-5.55067
-4.17698
-1.90687
0.97751
4.08274
6.96854
9.18345
10.37082
10.39143
9.32516
7.37091
4.80034
1.88737
-1.05734
-3.65141
-5.58279
-6.78473
-7.39347
-7.57686
-7.42295
-6.946
-6.16643
-5.15769
-4.03822
-3.00393
-2.28709
-2.0133
-2.18751
-2.79687
-3.76314
-4.85495
-5.84215
-6.58465
-6.92138
-6.58516
-5.34871
-3.20866
-0.36594
2.84089
5.91239
8.42536
10.05923
10.69208
10.24195
8.79905
6.60557
3.99538
1.35686
-1.02614
-3.0684
-4.75228
-5.96408
-6.51162
-6.35518
-5.70352
-4.86495
-4.00497
-3.18232
-2.48622
-2.02829
-1.89677
-2.13353
-2.72409
-3.62999
-4.81941
-6.15815
-7.36787
-8.119
-8.15081
-7.27008
-5.4012
-2.6549
0.67697
4.10145
7.07743
9.25808
10.46452
10.51381
9.40942
7.43485
5.05209
2.66401
0.46605
-1.44586
-2.91196
-3.75517
-3.9212
-3.48826
-2.62519
-1.53762
-0.42783
0.52891
1.20785
1.58175
1.69065
1.5108
0.92916
-0.08261
-1.3525
-2.59031
-3.58034
-4.18225
-4.25194
-3.60164
-2.04512
0.45356
3.6332
6.95739
9.86686
11.95162
12.92542
12.65993
11.20754
8.78988
5.77628
2.6467
-0.02822
-1.53543
-1.2542
0.68344
3.07428
4.66078
5.1617
5.04056
4.76984
4.5512
4.40196
4.28355
4.16607
4.04012
3.90602
3.76706
3.62592
3.48345
3.33979
3.19497
3.04906
2.9022
2.75456
2.60627
2.45823
2.30927
2.15959
2.00958
1.8593
1.70877
1.55805
1.40717
1.25613
1.10407
0.9526
0.80126
0.65171
0.50064
0.34911
0.19754
0.04593
-0.1057
-0.25735
-0.40904
-0.56081
-0.71275
-0.86379
-1.01556
-1.16628
-1.31487
-1.4623
-1.6151
-1.787
-1.98879
-2.19504
-2.2939
-2.08475
-1.40365
-0.2894
0.98703
1.96223
2.24944
1.75083
0.66192
-0.74825
-2.34996
-4.16445
-6.12556
-7.89938
-9.12337
-9.72808
-9.8316
-9.52363
-8.80518
-7.70299
-6.40451
-5.28804
-4.67707
-4.56064
-4.70797
-4.9848
-5.45877
-6.23052
-7.24866
-8.31136
-9.15542
-9.48521
-9.05445
-7.74932
-5.56146
-2.59506
0.85449
4.29786
7.15314
9.03367
9.75337
9.2906
7.81618
5.63595
3.05734
0.37405
-2.04864
-3.86085
-4.90275
-5.26351
-5.17888
-4.84811
-4.3569
-3.74353
-3.09868
-2.58085
-2.38756
-2.65845
-3.33577
-4.22422
-5.20371
-6.28231
-7.39605
-8.26714
-8.51248
-7.83521
-6.09764
-3.36252
0.05943
3.7654
7.29265
10.13666
11.87403
12.27539
11.33306
9.25093
6.44483
3.48746
0.91637
-0.96869
-2.15917
-2.73115
-2.78975
-2.48711
-2.01419
-1.50113
-1.00085
-0.6231
-0.56507
-0.97189
-1.82524
-2.98698
-4.28887
-5.63675
-6.99502
-8.27487
-9.23589
-9.50728
-8.72259
-6.67769
-3.45708
0.55721
4.7512
8.48713
11.11282
12.34065
12.19984
10.81181
8.43421
5.5974
2.97622
1.05725
0.00715
-0.24758
0.08654
0.72024
1.35598
1.84174
2.19404
2.40315
2.36263
1.99972
1.28174
0.14827
-1.45983
-3.46729
-5.63722
-7.56782
-8.81703
-9.00375
-7.86157
-5.35366
-1.73647
2.5387
6.9304
10.83825
13.70798
15.13443
15.04264
13.59512
11.11296
8.07681
5.06072
2.51205
0.6163
-0.63493
-1.36412
-1.73052
-1.85861
-1.84131
-1.76283
-1.73807
-1.96245
-2.67227
-3.97569
-5.73038
-7.6366
-9.47135
-11.13928
-12.52186
-13.38925
-13.44545
-12.43289
-10.18512
-6.68058
-2.11298
3.07544
8.18586
12.45751
15.2354
16.22134
15.55577
13.61279
10.83488
7.75165
4.94086
2.82496
1.54425
0.9891
0.89281
0.99053
1.10004
1.10001
0.8757
0.34612
-0.49582
-1.64529
-3.12715
-4.88667
-6.73232
-8.43332
-9.80767
-10.59889
-10.50727
-9.30996
-6.93668
-3.44069
1.00596
6.00355
10.82886
14.6053
16.8056
17.23838
16.04411
13.58421
10.40048
7.1006
4.1706
1.86729
0.235
-0.8237
-1.43308
-1.68588
-1.69808
-1.59342
-1.49218
-1.55247
-1.98978
-2.93992
-4.31521
-5.87773
-7.40832
-8.76391
-9.82946
-10.44108
-10.3227
-9.20532
-6.90996
-3.41541
1.06285
6.04257
10.80618
14.55908
16.71598
17.06449
15.70365
13.03345
9.67328
6.27444
3.32249
1.0241
-0.62736
-1.68893
-2.19788
-2.20608
-1.87786
-1.51299
-1.45616
-1.90908
-2.82533
-3.99567
-5.24293
-6.47782
-7.62502
-8.60968
-9.36189
-9.75536
-9.5384
-8.38945
-6.03689
-2.36855
2.38873
7.56248
12.24067
15.68695
17.58079
17.90051
16.72845
14.23007
10.80876
7.08903
3.74146
1.23261
-0.33025
-1.15351
-1.53853
-1.68669
-1.72112
-1.82051
-2.21491
-3.01144
-4.10143
-5.31986
-6.60993
-7.95302
-9.25737
-10.39399
-11.25228
-11.72195
-11.64806
-10.79038
-8.83634
-5.58022
-1.15315
3.91642
8.8741
12.94622
15.50604
16.24193
15.26947
12.99696
9.91595
6.57105
3.53946
1.24033
-0.22156
-0.97204
-1.21331
-1.16779
-1.07269
-1.17757
-1.68448
-2.61149
-3.77301
-5.01397
-6.32286
-7.67736
-8.95728
-10.02978
-10.78237
-11.10423
-10.81717
-9.70162
-7.48632
-4.07652
0.33439
5.22713
9.84957
13.43865
15.46755
15.70841
14.22622
11.3513
7.83317
4.32615
1.30021
-1.08874
-2.78055
-3.77797
-4.19012
-4.16041
-3.83725
-3.41694
-3.08819
-2.9479
-3.0473
-3.44939
-4.16774
-5.12152
-6.19425
-7.27141
-8.17998
-8.63638
-8.30425
-6.91152
-4.33056
-0.61927
3.84223
8.44283
12.45188
15.15263
16.01486
14.92902
12.32236
8.93507
5.44235
2.12291
-0.84266
-3.19285
-4.77213
-5.59847
-5.74893
-5.35176
-4.68463
-4.09825
-3.82926
-3.95522
-4.45871
-5.25698
-6.22745
-7.29989
-8.4788
-9.72174
-10.75761
-11.10557
-10.37781
-8.48962
-5.54326
-1.72705
2.66428
7.08759
10.82578
13.19342
13.77143
12.61906
10.26322
7.3251
4.29553
1.43878
-0.95096
-2.56932
-3.26971
-3.1858
-2.58812
-1.74456
-0.88688
-0.28815
-0.23403
-0.76286
-1.63054
-2.61127
-3.66227
-4.7895
-5.97883
-7.12023
-7.92493
-7.94851
-6.7769
-4.27464
-0.68554
3.50985
7.72655
11.36471
13.61228
13.8718
12.12361
8.89525
4.86677
0.55777
-3.5162
-6.82688
-9.089
-10.33257
-10.75226
-10.58804
-10.12144
-9.57628
-9.0757
-8.69084
-8.46977
-8.43064
-8.60768
-9.07952
-9.8903
-10.92868
-11.96306
-12.71143
-12.88154
-12.18466
-10.35839
-7.24183
-2.94284
2.03889
6.93514
10.97067
13.54044
14.2699
13.17707
10.57671
6.97945
2.99946
-0.75692
-3.79652
-5.83436
-6.84508
-7.03269
-6.69703
-6.1271
-5.55063
-5.10681
-4.85069
-4.83737
-5.17268
-5.94419
-7.16221
-8.74171
-10.47302
-12.01441
-12.90998
-12.76701
-11.33584
-8.57056
-4.6997
-0.19623
4.32554
8.20289
10.86901
12.06129
11.77542
10.18898
7.61498
4.54081
1.58365
-0.74772
-2.25498
-3.00028
-3.13377
-2.82581
-2.28576
-1.73354
-1.31126
-1.08672
-1.16612
-1.71386
-2.81978
-4.37491
-6.1373
-7.88736
-9.41511
-10.49135
-10.84957
-10.22134
-8.34465
-5.13043
-0.85772
3.83567
8.1491
11.35389
12.96359
12.81593
11.11012
8.31513
5.07128
1.95836
-0.69663
-2.7603
-4.14564
-4.8265
-4.88707
-4.51057
-3.95656
-3.47348
-3.17396
-3.10183
-3.31577
-3.85766
-4.68993
-5.7504
-6.96629
-8.1487
-9.00082
-9.27932
-8.83138
-7.46129
-4.98119
-1.38638
2.97441
7.45177
11.29985
13.83524
14.59522
13.53141
11.05095
7.7639
4.35472
1.37122
-0.86299
-2.29969
-3.06222
-3.27068
-3.04428
-2.60032
-2.17241
-1.86603
-1.70606
-1.7786
-2.22118
-3.05339
-4.12733
-5.31644
-6.58735
-7.77534
-8.51039
-8.43903
-7.35584
-5.16268
-1.86084
2.28619
6.69821
10.5776
13.22926
14.30244
13.74026
11.69793
8.59852
5.16168
2.05897
-0.39917
-2.12341
-3.12536
-3.48666
-3.39915
-3.09641
-2.73988
-2.40422
-2.15398
-2.09818
-2.34989
-2.96908
-3.95937
-5.27679
-6.79745
-8.32549
-9.58268
-10.15892
-9.62597
-7.77453
-4.7217
-0.79581
3.46076
7.37893
10.35845
12.02557
12.26059
11.17322
9.07246
6.34857
3.41082
0.75504
-1.19872
-2.23563
-2.46472
-2.1581
-1.56727
-0.88889
-0.28005
0.17791
0.4356
0.36622
-0.20975
-1.34437
-2.86848
-4.46798
-5.92088
-7.12033
-7.89578
-7.87242
-6.60515
-3.89735
0.02462
4.61783
9.1122
12.79517
15.07498
15.79002
15.0873
13.20845
10.49693
7.46866
4.67506
2.53203
1.23425
0.74854
0.92908
1.60408
2.53303
3.41429
4.0164
4.254
4.11734
3.61265
2.74704
1.51482
-0.05249
-1.83896
-3.60241
-5.05849
-5.89879
-5.81402
-4.56701
-2.13644
1.16607
4.75659
7.94243
10.06405
10.63531
9.53007
7.02063
3.51866
-0.59669
-4.9558
-9.15851
-12.82425
-15.71688
-17.84961
-19.43675
-20.65401
-21.53492
-22.10604
-22.41295
-22.39527
-21.88316
-20.80918
-19.38809
-17.9897
-16.89591
-16.12921
-15.55005
-14.97184
-14.1244
-12.6478
-10.24023
-6.86147
-2.76248
1.64654
5.86808
9.31073
11.421
11.74558
10.17189
7.0306
2.93893
-1.47363
-5.74625
-9.50697
-12.35124
-13.9955
-14.46233
-14.01291
-12.93174
-11.44423
-9.72486
-8.00553
-6.60149
-5.74453
-5.43412
-5.49257
-5.72254
-5.9903
-6.16806
-6.0422
-5.30967
-3.68046
-0.98457
2.67666
6.86393
10.95052
14.28171
16.29811
16.71912
15.58184
13.0656
9.45651
5.16217
0.64867
-3.60609
-7.23809
-10.11573
-12.21147
-13.48875
-14.05371
-14.20085
-14.22394
-14.30878
-14.58503
-15.14128
-15.92938
-16.74151
-17.36404
-17.659
-17.43769
-16.38277
-14.17824
-10.59887
-5.68842
0.21772
6.45091
12.1316
16.4055
18.7083
18.84031
16.92783
13.29898
8.55141
3.24485
-1.96555
-6.54229
-10.10158
-12.47955
-13.77957
-14.29361
-14.35146
-14.23588
-14.17861
-14.37155
-14.94336
-15.92844
-17.31309
-19.00451
-20.72769
-22.07401
-22.61604
-21.89538
-19.45671
-15.12477
-9.20086
-2.37004
4.48899
10.57192
15.21063
17.92458
18.48253
16.98601
13.845
9.73749
5.45483
1.49177
-1.91487
-4.67419
-6.80641
-8.41392
-9.5994
-10.44082
-11.08854
-11.79696
-12.79956
-14.18456
-15.92458
-17.87981
-19.79086
-21.29879
-21.95544
-21.2797
-18.92785
-14.81202
-9.02204
-1.79014
6.28775
14.34248
21.23016
26.03288
28.35555
28.36186
26.59852
23.70044
20.20358
16.53124
12.93719
9.47329
6.06976
2.83517
-0.09374
-2.65857
-4.87162
-6.81623
-8.64634
-10.47483
-12.33088
-14.24965
-16.24853
-18.21224
-19.89998
-20.78144
-20.14777
-17.38589
-12.24859
-4.91365
4.0312
13.63146
22.74766
30.29561
35.39485
37.56698
36.84757
33.94334
29.72448
24.77723
19.43151
13.9292
8.41596
2.9402
-2.39276
-7.36032
-11.79036
-15.50801
-18.52686
-21.05108
-23.35027
-25.58424
-27.74013
-29.76161
-31.70719
-33.6817
-35.68219
-37.55171
-38.93067
-39.27224
-37.83837
-33.91623
-27.1307
-17.54463
-5.68478
7.35684
20.00651
30.79331
38.83171
43.89599
46.32646
46.64927
45.46352
43.33724
40.59708
37.24743
33.16963
28.36471
22.89287
16.82286
10.3353
3.76824
-2.39923
-7.75374
-12.13763
-15.66628
-18.58225
-21.08205
-23.28979
-25.40772
-27.6616
-30.08723
-32.46468
-34.54589
-36.27955
-37.79715
-39.25867
-40.71212
-42.10171
-43.37997
-44.57426
-45.808
-47.15407
-48.51825
-49.74408
-50.82237
-51.8769
-52.96197
-54.00494
-54.96059
-55.9026
-56.93995
-58.03232
-59.01949
-59.82856
-60.58515
-61.43829
-62.37226
-63.28536
-64.13835
-64.95376
-65.75335
-66.5602
-67.3716
-68.18686
-69.00807
-69.83759
-70.66789
-71.46675
-72.17739
-72.77538
-73.34236
-73.95827
-74.48139
-74.58276
-74.0557
-73.02509
-71.7634
-70.44092
-69.09211
-67.74217
-66.47955
-65.34687
-64.26367
-63.16627
-62.09898
-61.16783
-60.38848
-59.69692
-59.03002
-58.36005
-57.67328
-56.94412
-56.14231
-55.28479
-54.44721
-53.67833
-52.97916
-52.33297
-51.73957
-51.19214
-50.70287
-50.37954
-50.36644
-50.67987
-51.17499
-51.59744
-51.55676
-50.49281
-47.74642
-42.66215
-34.72587
-23.78293
-10.26101
4.81657
20.09552
34.17231
45.98225
54.93831
60.92864
64.31949
65.63218
65.28072
63.47385
60.40631
56.38665
51.69173
46.50224
40.91171
35.04182
29.11115
23.38721
18.1315
13.49174
9.46364
5.89425
2.5301
-0.8201
-4.19278
-7.61381
-11.03168
-14.29935
-17.32008
-20.14092
-22.89108
-25.62194
-28.21174
-30.46658
-32.29738
-33.76279
-35.01244
-36.17689
-37.39791
-38.7722
-40.26141
-41.75533
-43.15632
-44.31767
-44.94703
-44.59142
-42.71834
-38.82622
-32.40533
-23.22978
-11.61133
1.5737
15.08489
27.61312
38.12268
46.05751
51.30781
54.10104
54.90753
54.3103
52.74191
50.44484
47.43173
43.59175
38.91122
33.54527
27.74506
21.84024
16.09999
11.00263
6.88253
3.74188
1.36925
-0.47604
-2.11062
-3.885
-5.9711
-8.29284
-10.68606
-13.08462
-15.5158
-17.94144
-20.09687
-21.778
-23.03171
-24.0812
-25.11471
-26.18878
-27.30361
-28.44206
-29.52336
-30.43454
-31.1111
-31.59809
-32.08849
-32.74907
-33.55001
-34.33635
-35.02672
-35.70305
-36.50009
-37.43072
-38.34386
-38.96919
-38.92606
-37.76145
-35.04086
-30.47523
-23.99622
-15.79774
-6.3115
3.89852
14.15832
23.8217
32.33813
39.36243
44.9238
49.27352
52.7326
55.56772
57.89483
59.61856
60.45966
60.12967
58.54084
55.82797
52.26208
48.15945
43.87518
39.75335
36.04165
32.82996
30.04541
27.53581
25.20251
23.02701
20.93571
18.85939
16.77799
14.68444
12.58937
10.55181
8.62056
6.81623
5.16963
3.84608
2.86883
2.01213
0.92722
-0.51221
-2.13852
-3.73559
-5.24889
-6.73349
-8.15586
-9.40584
-10.53276
-11.78738
-13.28347
-14.89251
-16.43937
-17.915
-19.44432
-21.08403
-22.73483
-24.25656
-25.61062
-26.86512
-28.0887
-29.32789
-30.55399
-31.72654
-32.83768
-33.92849
-34.99586
-35.96153
-36.78951
-37.53671
-38.28741
-39.09803
-39.97717
-40.77036
-41.10571
-40.43942
-38.22125
-34.03423
-27.69222
-19.29846
-9.21994
1.90809
13.22203
24.01191
33.59455
41.60508
47.94326
52.81733
56.61823
59.66236
62.11382
64.05893
65.45176
66.19097
66.17795
65.4307
64.0546
62.18151
59.99708
57.74211
55.61617
53.70135
51.99215
50.42799
48.8789
47.21757
45.41924
43.49591
41.43013
39.20242
36.84795
34.43759
32.02931
29.65928
27.35305
25.10315
22.95679
21.07178
19.52454
18.11826
16.51075
14.55791
12.41804
10.3338
8.44003
6.75356
5.19907
3.61459
1.88737
0.03029
-1.86621
-3.69654
-5.39395
-6.99162
-8.59879
-10.26384
-11.91793
-13.52306
-15.0754
-16.53479
-17.85384
-19.09343
-20.38789
-21.81821
-23.35604
-24.87129
-26.23357
-27.40712
-28.4326
-29.34603
-30.19092
-30.85019
-30.87963
-29.56629
-26.17484
-20.26582
-11.84334
-1.31308
10.476
22.23548
33.05068
42.27101
49.72807
55.42411
59.46171
62.13325
63.87599
65.13678
66.09327
66.722
66.83005
66.24079
64.97326
63.19523
60.9945
58.38372
55.5444
52.84033
50.57468
48.82113
47.42472
46.12972
44.72274
43.12993
41.33158
39.33798
37.15665
34.78311
32.26362
29.72594
27.33158
25.18325
23.21804
21.22844
19.1212
16.96229
14.84548
12.78471
10.74821
8.70811
6.65533
4.60712
2.61417
0.744
-1.00369
-2.74679
-4.60059
-6.57538
-8.5654
-10.45207
-12.21469
-13.96259
-15.82858
-17.83299
-19.89101
-21.85796
-23.57044
-24.99877
-26.29343
-27.63183
-29.04603
-30.45573
-31.80281
-33.04994
-33.99319
-34.12702
-32.71966
-29.13407
-23.08796
-14.70172
-4.47289
6.73402
17.84239
27.90352
36.3405
42.94081
47.74979
51.09587
53.38773
55.04042
56.32374
57.26814
57.77952
57.76913
57.14163
55.83643
53.9625
51.73185
49.39541
47.1876
45.34545
43.7586
41.86684
38.57465
33.14763
26.63552
21.46637
18.99544
18.51418
18.77038
19.01176
19.05635
18.97284
18.85319
18.7417
18.64479
18.55559
18.46785
18.37977
18.29006
18.19987
18.10963
18.01947
17.92937
17.83929
17.74921
17.65911
17.56901
17.47895
17.38948
17.29937
17.20926
17.11915
17.02904
16.93878
16.84756
16.75803
16.66801
16.57848
16.48836
16.39836
16.30881
16.21869
16.12859
16.03849
15.94837
15.8582
15.76793
15.67764
15.58766
15.49858
15.41089
15.32315
15.22916
15.12123
14.999
14.89411
14.8922
15.12294
15.7233
16.76758
18.14395
19.52912
20.59847
21.20815
21.35542
21.04285
20.20799
18.85612
17.19429
15.50874
13.93284
12.44923
11.07333
9.88179
8.92039
8.13239
7.36364
6.47269
5.40102
4.13823
2.68584
1.05214
-0.75909
-2.71335
-4.74253
-6.77498
-8.84403
-11.13365
-13.77334
-16.60451
-19.30053
-21.68047
-23.76141
-25.61655
-27.32797
-29.04323
-30.86365
-32.72039
-34.39203
-35.70136
-36.65976
-37.4236
-38.15048
-38.87587
-39.53795
-40.0878
-40.5423
-40.9833
-41.44764
-41.84444
-41.98053
-41.55219
-40.02173
-36.65506
-30.88386
-22.6333
-12.31908
-0.73004
11.47569
23.37436
33.97737
42.39926
48.22864
51.73141
53.63499
54.63264
55.11256
55.24517
55.05984
54.4779
53.50727
52.30162
50.98495
49.56005
47.95433
46.09261
44.03265
42.00662
40.2261
38.70233
37.25608
35.69723
33.88896
31.85277
29.74051
27.65084
25.53783
23.32494
21.02457
18.69912
16.38607
14.11128
11.96914
9.96369
7.97944
5.84952
3.47325
0.93413
-1.5372
-3.78129
-5.85981
-7.96679
-10.18355
-12.42509
-14.53349
-16.45394
-18.29373
-20.21598
-22.27123
-24.36997
-26.41038
-28.33517
-30.085
-31.48022
-32.10671
-31.39171
-28.73054
-23.59815
-15.75933
-5.50817
6.35936
18.77314
30.57572
40.93492
49.40237
55.81807
60.2904
63.1481
64.92042
66.15684
67.2024
68.10115
68.69457
68.73625
68.03669
66.56818
64.54291
62.31248
60.10874
57.99009
56.00339
54.24282
52.73065
51.35934
49.96181
48.36549
46.50279
44.41614
42.14648
39.68705
37.04063
34.22764
31.31905
28.4884
25.89145
23.53366
21.31018
19.0294
16.61483
14.16549
11.82042
9.58366
7.38281
5.15759
2.83141
0.38631
-2.0331
-4.25949
-6.39102
-8.62988
-11.05932
-13.51038
-15.76636
-17.79382
-19.69402
-21.6046
-23.46006
-25.14578
-26.55228
-27.77965
-28.98565
-30.21666
-31.45829
-32.68718
-33.69155
-34.02789
-33.19044
-30.71442
-26.17655
-19.30882
-10.0564
0.93236
12.55908
23.61329
33.22813
41.02355
46.91388
50.98649
53.53979
55.06483
56.10877
57.03352
57.83823
58.32171
58.31174
57.75017
56.67717
55.2015
53.45
51.52433
49.55797
47.76757
46.31891
45.14532
43.96913
42.59207
41.02108
39.33504
37.52362
35.48658
33.18696
30.75745
28.34781
25.97013
23.58212
21.24248
19.13079
17.27854
15.42138
13.29565
10.93971
8.55978
6.26744
4.05464
1.85964
-0.34548
-2.5322
-4.64426
-6.64718
-8.62155
-10.74274
-13.08577
-15.51493
-17.89667
-20.1602
-22.36895
-24.59073
-26.84492
-29.08989
-31.19125
-32.91416
-33.91527
-33.73539
-31.85087
-27.81164
-21.45149
-12.8889
-2.75457
7.89825
17.98178
26.74846
33.83767
39.14325
42.74566
44.91098
46.09144
46.79961
47.40235
47.97262
48.36612
48.37715
47.86422
46.77495
45.13505
43.0715
40.82395
38.64675
36.68223
34.89322
33.21877
31.54634
29.79676
27.9766
26.10348
24.13926
22.02505
19.75578
17.36608
14.86814
12.21203
9.48818
6.84062
4.3753
2.15083
0.19893
-1.56704
-3.37655
-5.41846
-7.68901
-10.06422
-12.47834
-14.88386
-17.27717
-19.64607
-21.95555
-24.16391
-26.20072
-27.84736
-28.67156
-28.13604
-25.77059
-21.28128
-14.75885
-6.54541
2.89765
12.91786
22.58617
30.92849
37.30416
41.6164
44.24785
45.76716
46.60147
46.98935
47.09381
46.98576
46.61377
45.84397
44.49297
42.41406
39.67111
36.53827
33.30636
30.16009
27.23234
24.57708
22.095
19.61971
17.01248
14.22528
11.30408
8.31589
5.28182
2.20912
-0.90444
-4.05384
-7.267
-10.55236
-13.81344
-16.91136
-19.74023
-22.26816
-24.62575
-27.04883
-29.62491
-32.06875
-33.91648
-34.75963
-34.22247
-31.87003
-27.27927
-20.27354
-11.12647
-0.55261
10.47133
20.8474
29.82016
36.83984
41.80258
44.95804
46.72801
47.51273
47.5828
47.11885
46.24476
44.92232
43.04662
40.53109
37.48225
34.08492
30.47682
26.75053
23.08542
19.7399
16.8217
14.21105
11.73903
9.28048
6.64364
3.74361
0.59839
-2.64788
-5.8072
-8.7746
-11.5407
-14.14649
-16.69077
-19.25866
-21.79528
-24.2475
-26.63337
-29.00319
-31.26306
-33.24121
-34.71837
-35.32971
-34.54811
-31.7685
-26.46122
-18.40908
-7.75198
4.69351
17.84972
30.65016
42.24305
52.05386
59.76313
65.31425
69.02137
71.50165
73.29323
74.55548
75.12218
74.78428
73.48709
71.37608
68.64473
65.43716
61.93394
58.37215
54.95583
51.80334
48.9702
46.43314
44.02922
41.58097
39.0298
36.43651
33.82651
31.10601
28.20842
25.21714
22.20447
19.18491
16.20969
13.3063
10.46678
7.76205
5.30317
3.06424
0.91461
-1.22529
-3.361
-5.4365
-7.39701
-9.2605
-11.12621
-13.03565
-14.95584
-16.90526
-18.9498
-21.07239
-23.14373
-25.05071
-26.85866
-28.7076
-30.64169
-32.57188
-34.46441
-36.38485
-38.33972
-40.27623
-42.20711
-44.2118
-46.30647
-48.30651
-49.92131
-50.9028
-51.22723
-50.92799
-49.9023
-48.03335
-45.21933
-41.07342
-34.95715
-26.52336
-16.08343
-4.12291
8.50558
20.8285
31.82006
40.72683
47.34921
51.96892
55.09371
57.20124
58.70095
59.89606
60.90268
61.58545
61.77467
61.43266
60.6253
59.45347
58.05637
56.5718
55.07821
53.61091
52.2128
50.91583
49.71413
48.45887
46.98157
45.28267
43.47821
41.62535
39.7246
37.78394
35.79482
33.70377
31.43537
29.01644
26.51865
24.01133
21.54705
19.17014
16.89802
14.71515
12.592
10.48446
8.33512
6.09391
3.75427
1.32275
-1.16437
-3.66873
-6.15607
-8.57612
-10.8747
-13.05442
-15.222
-17.47955
-19.79403
-22.05622
-24.095
-25.59875
-26.12631
-25.24
-22.57532
-17.91177
-11.36735
-3.37243
5.42104
14.21884
22.25274
28.93086
34.0486
37.71521
40.10296
41.44538
42.16026
42.69106
43.22509
43.67672
43.85763
43.61885
42.88083
41.66557
40.10728
38.34882
36.5057
34.72104
33.08678
31.58219
30.14704
28.76693
27.38029
25.88338
24.2141
22.35581
20.28701
17.99971
15.55258
13.04816
10.52503
7.94338
5.24907
2.541
-0.08031
-2.63087
-5.18124
-7.67333
-9.95057
-12.0186
-14.1011
-16.39942
-18.87185
-21.28218
-23.22494
-24.33508
-24.25931
-22.64695
-19.20336
-13.78986
-6.52967
2.04612
11.04599
19.54399
27.03311
33.11735
37.72187
40.95273
43.04891
44.39993
45.36165
46.02073
46.25824
45.95794
45.10599
43.67678
41.68388
39.27464
36.68528
34.05371
31.42538
28.90318
26.60821
24.5326
22.60375
20.80197
19.07042
17.29065
15.37095
13.31857
11.1387
8.76869
6.1121
3.14969
0.03846
-2.96858
-5.73026
-8.28524
-10.75685
-13.28815
-15.96065
-18.77443
-21.61773
-24.33121
-26.83551
-29.10093
-31.01873
-32.38145
-32.85255
-31.94536
-29.09686
-23.84103
-16.01632
-5.89167
5.81099
18.00453
29.50251
39.42455
47.38655
53.51663
58.14462
61.72575
64.67872
67.17883
69.17017
70.47134
70.87357
70.19367
68.44861
65.78761
62.42181
58.58858
54.5675
50.663
47.06267
43.72829
40.46875
37.14122
33.80486
30.63901
27.68815
24.70661
21.47601
17.96994
14.32376
10.69185
7.14308
3.6509
0.19253
-3.20262
-6.5553
-9.93134
-13.39069
-16.83404
-20.20042
-23.45057
-26.40059
-28.62473
-29.50367
-28.37664
-24.75857
-18.4939
-9.90783
0.51981
11.79628
22.85342
32.77922
41.01511
47.368
51.98129
55.21983
57.40458
58.6747
59.10198
58.7861
57.8228
56.27858
54.18998
51.53656
48.31129
44.69657
41.04227
37.61542
34.47634
31.58861
28.8849
26.31802
23.77229
21.12351
18.3039
15.33885
12.29538
9.18992
5.97353
2.62619
-0.77353
-4.09791
-7.17789
-9.95883
-12.5807
-15.29157
-18.20221
-21.21821
-24.16651
-26.90288
-29.2957
-31.09788
-31.80171
-30.758
-27.52649
-22.02112
-14.37726
-4.86766
5.90399
16.93257
27.14101
35.70867
42.30473
46.98114
50.09641
52.14081
53.43107
54.04841
53.96656
53.16872
51.67482
49.5329
46.8382
43.75266
40.41711
36.97692
33.57406
30.3117
27.24596
24.40817
21.83726
19.50298
17.20528
14.66734
11.77224
8.5881
5.3001
2.02062
-1.21441
-4.37382
-7.48417
-10.63752
-13.85185
-17.01657
-20.00902
-22.76416
-25.29951
-27.50878
-29.12708
-29.70109
-28.60175
-25.16935
-19.06833
-10.5929
-0.52999
10.26395
20.97701
31.05231
39.68534
46.3061
50.82215
53.62258
55.27898
56.26306
56.81144
56.879
56.2646
54.85506
52.64082
49.80588
46.54439
43.00352
39.31099
35.58514
31.98911
28.72207
25.86537
23.31664
20.87371
18.31669
15.60348
12.78476
9.90615
6.96892
3.98302
0.99022
-2.00248
-5.03228
-8.11922
-11.2774
-14.41975
-17.46318
-20.39655
-23.25602
-26.00726
-28.48481
-30.39687
-31.32975
-30.76859
-28.19822
-23.25588
-15.81946
-6.22591
4.83829
16.44416
27.63635
37.62049
45.83585
52.03185
56.35546
59.24791
61.22144
62.63111
63.58554
64.02511
63.86113
63.07206
61.71311
59.86071
57.54008
54.75271
51.58975
48.28465
45.03652
41.90734
38.88873
36.01301
33.31139
30.68596
27.99045
25.20902
22.43301
19.71423
16.96333
14.07398
11.0145
7.8514
4.69741
1.6214
-1.39416
-4.40022
-7.43716
-10.57234
-13.82446
-17.10549
-20.20195
-23.00228
-25.56249
-28.02551
-30.45439
-32.64487
-34.12639
-34.3163
-32.6472
-28.6575
-22.10309
-12.94487
-1.76389
10.35846
22.23616
32.90139
41.74272
48.57941
53.56936
57.0183
59.30901
60.84938
61.96501
62.68137
62.85671
62.39039
61.28941
59.57325
57.25975
54.48222
51.56034
48.84354
46.44898
44.37271
42.49727
40.6639
38.72382
36.59388
34.3058
31.97862
29.71337
27.49002
25.16216
22.60798
19.81537
16.91634
14.01528
11.17366
8.40846
5.65891
2.80785
-0.17327
-3.15341
-5.9713
-8.59093
-11.1199
-13.63578
-16.16419
-18.71336
-21.2939
-23.88272
-26.42752
-28.80555
-30.72251
-31.68992
-31.12306
-28.45456
-23.36912
-15.92444
-6.52541
4.10239
14.94415
24.93953
33.33935
39.84361
44.45215
47.3244
48.87233
49.67073
50.16418
50.47787
50.52899
50.21373
49.48315
48.31122
46.64971
44.52024
42.10316
39.58695
37.1363
34.94328
33.149
31.73651
30.51611
29.20104
27.55154
25.50774
23.17075
20.67778
18.11253
15.5892
13.11824
10.52804
7.67724
4.62721
1.56519
-1.3313
-4.07048
-6.70085
-9.33133
-12.04962
-14.80419
-17.52835
-20.22386
-22.9014
-25.45688
-27.62948
-29.07861
-29.41863
-28.12642
-24.62296
-18.57541
-10.28146
-0.50117
9.79238
19.5283
27.78052
34.06744
38.37764
40.9814
42.30093
42.85134
43.00601
42.88226
42.51086
41.90639
40.98675
39.60915
37.71011
35.4025
32.97916
30.7823
28.99635
27.50615
26.06671
24.51202
22.84825
21.07602
19.10337
16.89009
14.52558
12.08305
9.5038
6.71848
3.76121
0.80832
-2.04845
-4.84997
-7.64203
-10.33731
-12.82487
-15.16643
-17.53166
-19.97873
-22.42617
-24.77882
-26.91643
-28.6384
-29.53165
-29.00342
-26.49961
-21.72077
-14.68234
-5.74626
4.26706
14.26713
23.26431
30.59507
36.10346
39.93187
42.38073
43.8111
44.58915
45.01497
45.22105
45.18445
44.82904
44.06951
42.80303
41.00653
38.7905
36.36351
33.95278
31.71435
29.6937
27.84834
26.04984
24.09828
21.92223
19.64423
17.38255
15.10507
12.69374
10.03297
7.04727
3.7906
0.45729
-2.78766
-5.90625
-8.98124
-12.03013
-15.00194
-17.83291
-20.53988
-23.24047
-26.0156
-28.74351
-31.09693
-32.63536
-32.81829
-31.06384
-26.90514
-20.22938
-11.30882
-0.77793
10.35161
20.90126
29.97637
37.19584
42.54647
46.17016
48.44975
49.77623
50.50755
50.85668
50.91918
50.69224
50.11096
49.09274
47.54674
45.48111
42.99238
40.29691
37.59805
35.06555
32.83766
30.99666
29.45368
27.94292
26.19918
24.12638
21.80714
19.35451
16.72411
13.84737
10.75276
7.64826
4.71204
1.86126
-1.12519
-4.31435
-7.60593
-10.87753
-14.01928
-17.00747
-19.90148
-22.81462
-25.74368
-28.55511
-31.04891
-32.95457
-33.83946
-33.12552
-30.28017
-24.97834
-17.14637
-7.2144
3.93054
15.07171
25.05888
33.18963
39.24443
43.3055
45.67115
46.81308
47.23131
47.30683
47.22691
46.97964
46.41816
45.3833
43.78652
41.63726
39.07279
36.3603
33.77705
31.45394
29.33876
27.37111
25.55119
23.837
22.07571
20.06414
17.67039
14.91543
11.93326
8.84992
5.77704
2.74971
-0.29894
-3.49336
-6.82386
-10.11967
-13.26174
-16.30694
-19.32798
-22.25192
-25.01029
-27.68003
-30.36907
-33.01633
-35.59197
-38.10988
-40.29866
-41.4498
-40.71706
-37.51721
-31.67997
-23.38787
-13.15612
-1.56391
10.35739
21.4034
30.5501
37.28274
41.63579
44.06368
45.22355
45.68806
45.80817
45.75778
45.54742
45.02221
43.99993
42.44058
40.40684
37.99695
35.3753
32.75565
30.3105
28.11933
26.20487
24.48192
22.78404
20.96605
19.04441
16.99625
14.67011
12.03484
9.25786
6.46681
3.61549
0.62387
-2.48945
-5.54976
-8.50871
-11.43374
-14.32861
-17.14509
-19.93785
-22.78084
-25.49604
-27.65009
-28.81952
-28.62204
-26.57183
-22.21132
-15.43144
-6.63272
3.36632
13.5195
22.83258
30.62207
36.53889
40.54261
42.86087
43.91828
44.21112
44.10138
43.75857
43.18911
42.29212
40.94522
39.12271
36.922
34.46859
31.84449
29.17067
26.64565
24.4191
22.50664
20.81351
19.23067
17.64813
15.90654
13.87567
11.53458
8.9316
6.10447
3.1211
0.09734
-2.93547
-6.04418
-9.21432
-12.30892
-15.2543
-18.1196
-20.94773
-23.66107
-26.03712
-27.80382
-28.5706
-27.74797
-24.69159
-19.07694
-11.22043
-1.94819
7.86519
17.4646
26.29936
33.66851
39.13943
42.7175
44.71738
45.61241
45.87549
45.77157
45.34007
44.54088
43.3681
41.75406
39.66163
37.18249
34.46848
31.60436
28.7182
26.02538
23.59388
21.25828
18.84076
16.37381
13.95768
11.65235
9.32832
6.81867
4.08551
1.206
-1.81562
-5.06758
-8.5389
-12.10489
-15.65649
-19.16474
-22.52541
-25.75276
-28.90414
-31.79847
-33.89897
-34.52967
-33.12714
-29.38419
-23.36394
-15.47527
-6.17688
3.82325
13.73811
22.72523
30.07757
35.47336
39.05081
41.23003
42.49741
43.2333
43.6431
43.78714
43.57028
42.80754
41.3462
39.22063
36.6803
33.98917
31.26665
28.57593
26.02562
23.70797
21.58197
19.54094
17.55976
15.63772
13.70857
11.67495
9.48244
7.09376
4.45055
1.49917
-1.73176
-5.12747
-8.52048
-11.79212
-14.95365
-18.09578
-21.27622
-24.38394
-27.11471
-29.05823
-29.80166
-28.96985
-26.1602
-20.9681
-13.32041
-3.74249
6.7404
17.03147
26.28826
33.96508
39.78966
43.79394
46.25326
47.59574
48.22158
48.47935
48.53757
48.31168
47.59024
46.25313
44.33199
41.93921
39.29074
36.62558
34.13934
31.84086
29.62604
27.4426
25.34273
23.35097
21.37321
19.28317
17.04068
14.67519
12.18891
9.46411
6.47885
3.30697
0.04815
-3.20797
-6.3852
-9.50496
-12.6442
-15.77305
-18.80625
-21.75482
-24.70069
-27.50423
-29.99639
-32.00612
-33.16471
-32.86826
-30.50806
-25.70233
-18.46057
-9.2834
0.94464
11.23798
20.85627
29.00536
35.24861
39.58117
42.33412
43.94471
44.81623
45.25696
45.38679
45.13838
44.3927
43.11895
41.39951
39.34422
36.99377
34.37318
31.57983
28.81034
26.32363
24.27739
22.58378
21.00186
19.32332
17.41465
15.21956
12.72241
9.92825
6.89307
3.74146
0.57021
-2.63205
-5.87179
-9.10313
-12.28787
-15.41194
-18.49122
-21.54786
-24.61169
-27.61767
-30.27053
-32.08886
-32.54515
-31.13462
-27.45751
-21.37947
-13.19148
-3.5538
6.58755
16.23181
24.64048
31.44166
36.50529
39.88653
41.84643
42.8157
43.19543
43.28648
43.22908
42.98918
42.44047
41.46253
39.98715
38.07369
35.9326
33.76992
31.59072
29.3539
27.13407
25.11057
23.34702
21.70029
19.94511
17.87729
15.40403
12.59405
9.61524
6.59571
3.64508
0.67837
-2.45991
-5.78085
-9.18209
-12.58392
-15.89186
-18.95949
-21.7103
-24.12112
-26.0888
-27.11581
-26.4067
-23.31288
-17.62222
-9.56406
0.23887
10.86542
21.36267
30.94703
39.01065
45.30803
49.76295
52.67403
54.47262
55.53143
56.09795
56.30543
56.17275
55.57239
54.34985
52.46003
50.03967
47.28904
44.42993
41.53427
38.61018
35.78825
33.29362
31.17635
29.17029
26.93666
24.3888
21.64294
18.81716
15.88731
12.80336
9.55147
6.17272
2.77228
-0.56852
-3.8831
-7.24351
-10.63975
-14.04728
-17.49228
-20.96585
-24.44143
-27.81678
-30.82686
-33.03061
-33.86978
-32.74695
-29.17323
-22.98404
-14.41671
-4.15865
6.7
17.11745
26.33228
33.89255
39.60455
43.52599
45.97605
47.44827
48.382
49.01387
49.38037
49.3774
48.8137
47.5376
45.5691
43.11623
40.43174
37.63463
34.76044
31.97713
29.49993
27.43077
25.67314
24.06677
22.45177
20.63279
18.46239
15.93443
13.12104
10.13252
7.11189
4.02887
0.78145
-2.62119
-6.01326
-9.27726
-12.3861
-15.30035
-18.03745
-20.74594
-23.53088
-26.27227
-28.79332
-30.82587
-32.01892
-31.91744
-29.98807
-25.75569
-19.07619
-10.24064
0.08951
10.86937
20.76466
28.86623
34.69911
38.53329
40.88162
42.07576
42.33731
42.07385
41.72897
41.39433
40.83824
39.88327
38.49755
36.77097
34.74278
32.42134
29.92397
27.43948
25.04231
22.68055
20.33462
18.07143
15.9087
13.74127
11.45145
9.0375
6.45136
3.61984
0.5848
-2.53123
-5.64595
-8.70621
-11.68136
-14.63665
-17.68955
-20.82836
-23.96752
-26.9662
-29.61869
-31.73406
-33.23045
-34.05457
-34.01739
-32.70859
-29.57241
-24.1566
-16.384
-6.71733
4.0846
15.06334
25.14846
33.41992
39.40071
43.08112
44.77788
45.02411
44.40301
43.32684
41.98722
40.43609
38.68772
36.69428
34.33995
31.58197
28.51522
25.26739
21.88672
18.50594
15.38179
12.6837
10.31921
8.02805
5.6238
3.08564
0.46298
-2.22496
-4.98138
-7.76659
-10.57801
-13.39074
-16.10985
-18.58919
-20.75506
-22.66227
-24.45719
-26.2663
-28.04047
-29.5152
-30.34199
-30.07404
-28.21621
-24.34845
-18.29493
-10.17122
-0.42088
10.11254
20.30582
29.08103
35.72271
39.99507
42.20244
42.7728
42.23142
41.05646
39.62447
38.12239
36.49258
34.54941
32.17584
29.38174
26.28225
22.97196
19.6224
16.43326
13.63373
11.27459
9.1548
7.04479
4.88881
2.71131
0.41346
-2.15629
-4.99804
-7.87466
-10.64562
-13.29327
-15.75487
-17.93386
-19.82627
-21.54094
-23.22527
-24.90301
-26.33878
-27.1052
-26.71403
-24.74492
-20.86422
-14.8598
-6.78546
2.85626
13.15151
23.05544
31.64368
38.31286
42.85589
45.3976
46.33484
46.08569
45.06389
43.68225
42.17737
40.49294
38.42993
35.85628
32.80212
29.41294
25.86969
22.32489
18.88565
15.71961
12.96663
10.56221
8.29404
5.98972
3.64749
1.27702
-1.25483
-4.00921
-6.84665
-9.57965
-12.14826
-14.62174
-17.04651
-19.33875
-21.38111
-23.18745
-24.88583
-26.57427
-28.10937
-29.07815
-28.97835
-27.42164
-24.13831
-18.87903
-11.49984
-2.23835
8.14704
18.49464
27.79321
35.16769
40.22591
43.04769
44.01894
43.69206
42.62924
41.23301
39.69162
37.96438
35.97305
33.58827
30.74505
27.40594
23.71336
19.96023
16.32045
12.83321
9.57486
6.62607
3.96765
1.54168
-0.77924
-3.14125
-5.71022
-8.43285
-11.11634
-13.71012
-16.29376
-18.86377
-21.27388
-23.35573
-25.06708
-26.52026
-27.83206
-29.15843
-30.59881
-32.00488
-32.96239
-32.98613
-31.66897
-28.69183
-23.82488
-17.00526
-8.28345
1.83013
12.45565
22.41341
30.60867
36.42843
39.81847
41.09593
40.77747
39.48072
37.76634
35.93612
34.02506
31.89689
29.43071
26.58175
23.36037
19.85833
16.26171
12.7566
9.46119
6.48888
3.92917
1.72113
-0.34537
-2.4447
-4.56104
-6.64418
-8.74799
-10.96744
-13.35282
-15.86805
-18.38419
-20.80545
-23.12121
-25.32362
-27.33889
-29.03635
-30.31279
-31.10365
-31.28565
-30.58222
-28.61316
-25.01581
-19.55827
-12.21477
-3.22376
6.72885
16.53973
25.1111
31.78992
36.38748
38.95879
39.76316
39.30671
38.14101
36.60505
34.81902
32.82404
30.63555
28.20508
25.46682
22.42178
19.12084
15.6452
12.2223
9.15617
6.70445
4.80926
3.20414
1.65927
0.06784
-1.60395
-3.35318
-5.16421
-7.09585
-9.24623
-11.59541
-13.88225
-15.90926
-17.72898
-19.53949
-21.40959
-23.0775
-24.04397
-23.84389
-22.1647
-18.83547
-13.72717
-7.09976
0.50223
8.40454
15.9268
22.49692
27.79986
31.73148
34.29445
35.62138
35.96726
35.60003
34.68891
33.23576
31.1698
28.56689
25.65469
22.60554
19.48526
16.35145
13.30368
10.46954
7.95846
5.92078
4.39482
3.23757
2.19781
1.05285
-0.32719
-1.96611
-3.80255
-5.75582
-7.83588
-10.15368
-12.72188
-15.38811
-17.83467
-19.61303
-20.19744
-19.07171
-15.89129
-10.66852
-3.82667
4.00153
12.1612
19.97433
26.87156
32.3689
36.18066
38.3188
39.04932
38.74965
37.75012
36.21326
34.14359
31.51835
28.39161
24.902
21.17947
17.33507
13.51998
9.91724
6.7043
4.00941
1.82398
-0.01201
-1.72546
-3.42266
-5.06097
-6.59644
-8.11923
-9.81634
-11.80323
-14.00197
-16.21826
-18.34428
-20.42254
-22.54564
-24.62748
-26.42421
-27.61807
-27.77
-26.34655
-22.95092
-17.47218
-10.10877
-1.39797
7.81178
16.79205
24.79827
31.35572
36.21209
39.27442
40.69984
40.87754
40.21247
38.96958
37.21899
35.02871
32.42558
29.53631
26.45518
23.21402
19.86198
16.49739
13.24434
10.30719
7.91246
6.08921
4.63275
3.24901
1.75727
0.1074
-1.6024
-3.25264
-4.89804
-6.75722
-8.9824
-11.48809
-14.03008
-16.44704
-18.78523
-21.04749
-23.15338
-25.03234
-26.73411
-28.42445
-30.23848
-32.07754
-33.57074
-34.23909
-33.7038
-31.73192
-28.18601
-22.92955
-15.91622
-7.31874
2.427
12.61185
22.3528
30.82747
37.48361
42.22264
45.3151
47.08508
47.79543
47.60452
46.58945
44.84172
42.5547
39.89696
36.88749
33.55512
30.12256
26.84821
23.84481
21.11435
18.6499
16.48275
14.59012
12.86597
11.20021
9.54168
7.88519
6.22567
4.48293
2.5219
0.25697
-2.2364
-4.73465
-7.03507
-9.10078
-11.08382
-13.19569
-15.46989
-17.70115
-19.73796
-21.59475
-23.32319
-24.81227
-25.74043
-25.66318
-24.13568
-20.86605
-15.81559
-9.15602
-1.30935
7.16443
15.50045
23.08092
29.50093
34.49474
37.96229
40.00917
40.88753
40.84356
40.02373
38.50419
36.40941
33.90208
31.04629
27.81186
24.33041
20.9966
18.13778
15.71492
13.5138
11.49043
9.75893
8.26104
6.77641
5.1047
3.292
1.50001
-0.2496
-2.09926
-4.17894
-6.48279
-8.85732
-11.17231
-13.38038
-15.57793
-17.81874
-20.00918
-21.98357
-23.56725
-24.50293
-24.41165
-22.85903
-19.47423
-14.11886
-7.02188
1.32719
10.02812
18.23119
25.36335
31.1157
35.33909
38.0473
39.42787
39.75775
39.27604
38.10948
36.3351
34.0436
31.36174
28.36928
25.08328
21.60994
18.22691
15.21476
12.64678
10.43147
8.48278
6.76514
5.20822
3.65918
1.98785
0.13316
-1.89996
-4.04843
-6.25259
-8.53464
-10.9808
-13.64708
-16.43125
-19.12171
-21.61379
-23.91767
-25.97663
-27.52114
-28.06545
-27.00552
-23.83385
-18.41146
-10.96335
-2.07363
7.38236
16.4946
24.47306
30.71746
34.88493
36.98782
37.39489
36.68737
35.43669
33.95258
32.25356
30.25031
27.94544
25.38789
22.57058
19.55506
16.58145
13.81765
11.35535
9.15535
7.16462
5.37957
3.72812
2.0842
0.40704
-1.21398
-2.78065
-4.51836
-6.62208
-8.97026
-11.24289
-13.37432
-15.53399
-17.86984
-20.28345
-22.54751
-24.43979
-25.67547
-25.86747
-24.57698
-21.40002
-16.14522
-8.79437
0.12753
9.69438
18.77857
26.48307
32.31399
36.11174
38.0178
38.40797
37.77773
36.65873
35.39383
34.00492
32.30219
30.18236
27.74354
25.17071
22.55423
19.89448
17.25512
14.76454
12.46526
10.29466
8.30693
6.60663
5.16529
3.77319
2.18276
0.2887
-1.78773
-3.84487
-5.827
-7.83795
-9.99035
-12.29753
-14.63957
-16.88807
-18.97725
-20.92575
-22.76325
-24.4511
-25.91444
-27.11018
-27.98165
-28.29337
-27.56399
-25.2046
-20.75226
-14.07862
-5.47759
4.35127
14.42423
23.69843
31.32092
36.78295
40.04992
41.43743
41.49562
40.76128
39.561
38.02958
36.20085
34.10423
31.83106
29.48828
27.11656
24.63552
21.98216
19.22704
16.54048
14.07259
11.88999
9.98771
8.30601
6.74707
5.20118
3.56047
1.70172
-0.38979
-2.60003
-4.83519
-7.16166
-9.70235
-12.4014
-15.03659
-17.5032
-19.90064
-22.28477
-24.59771
-26.7114
-28.61395
-30.42803
-32.28269
-34.10569
-35.61637
-36.5874
-36.96158
-36.59181
-35.04876
-31.79161
-26.47181
-19.01166
-9.70651
0.70949
11.21479
20.78469
28.5681
33.99776
36.96749
37.87532
37.33579
35.86661
33.84428
31.60877
29.44264
27.42633
25.44157
23.33355
21.02634
18.50163
15.77036
12.93386
10.16046
7.6878
5.60266
3.78402
2.02624
0.26386
-1.43188
-3.09359
-4.90407
-6.98253
-9.29082
-11.66388
-13.98433
-16.23213
-18.44348
-20.61068
-22.68443
-24.66488
-26.58795
-28.4172
-30.00167
-31.18711
-31.91112
-32.1095
-31.57522
-29.93027
-26.7241
-21.57868
-14.37289
-5.40769
4.55178
14.3986
23.10628
29.93059
34.46231
36.73702
37.13889
36.23008
34.55023
32.49832
30.35136
28.23626
26.15199
24.01083
21.68084
19.11696
16.41658
13.68775
10.96468
8.34507
6.03868
4.14279
2.50804
0.90675
-0.83818
-2.77753
-4.8295
-6.88932
-8.95896
-11.10872
-13.33266
-15.53147
-17.65246
-19.75343
-21.85289
-23.82305
-25.40742
-26.4885
-27.12799
-27.32929
-26.85507
-25.28083
-22.14901
-17.10309
-10.06522
-1.4481
8.13925
17.74805
26.33914
33.00369
37.24113
39.02432
38.75392
37.13573
34.86738
32.27482
29.5743
26.80907
24.02929
21.1887
18.29922
15.43864
12.62253
9.8463
7.23228
4.96484
3.08624
1.44069
-0.19441
-1.97961
-3.86805
-5.73907
-7.53356
-9.2994
-11.18393
-13.3277
-15.67548
-17.98999
-20.04485
-21.74132
-23.05487
-24.05156
-24.72624
-24.86948
-24.16157
-22.28561
-18.85763
-13.46897
-6.03043
2.95103
12.51572
21.4008
28.65782
33.75697
36.51998
37.12579
36.10578
34.11163
31.59968
28.80717
25.96887
23.21265
20.53367
17.87215
15.20785
12.57817
9.99111
7.47276
5.14632
3.1094
1.31266
-0.37609
-2.09424
-3.88773
-5.67917
-7.41802
-9.18922
-11.14113
-13.34433
-15.72431
-18.09345
-20.2638
-22.13953
-23.77727
-25.29177
-26.65934
-27.56669
-27.54974
-26.22966
-23.30113
-18.45685
-11.56427
-2.93299
6.58129
15.95838
24.11139
30.25366
34.01617
35.3846
34.6814
32.5392
29.73071
26.75048
23.81396
20.89279
17.86572
14.73855
11.6327
8.63736
5.74737
3.02108
0.61129
-1.41029
-3.14727
-4.79316
-6.48542
-8.25432
-9.94413
-11.41021
-12.71308
-14.08541
-15.73718
-17.72779
-19.8962
-21.89884
-23.48116
-24.63744
-25.51693
-26.22721
-26.76043
-26.92701
-26.37229
-24.56736
-20.90353
-15.05389
-7.25388
1.81403
11.26767
20.1434
27.67438
33.12565
36.10717
36.64586
35.24642
32.7015
29.76828
26.86486
24.15163
21.57375
19.10158
16.74162
14.42996
12.16147
10.04472
8.21131
6.72507
5.5216
4.42252
3.27126
2.04293
0.79491
-0.49246
-1.84561
-3.30628
-4.95165
-6.84002
-8.90728
-10.99508
-12.99401
-14.91222
-16.81434
-18.68718
-20.26498
-21.00999
-20.29328
-17.52601
-12.33941
-4.83291
4.29741
13.92525
22.91162
30.42445
36.03441
39.44471
40.55942
39.68379
37.47821
34.71286
31.927
29.31808
26.90928
24.65795
22.45223
20.12355
17.59771
14.94253
12.31928
9.9153
7.83778
6.02507
4.29091
2.48895
0.64535
-1.10478
-2.76747
-4.46429
-6.30002
-8.32589
-10.54084
-12.84567
-15.10642
-17.25667
-19.29317
-21.203
-22.79572
-23.60687
-22.96325
-20.32979
-15.48562
-8.57403
-0.13854
8.931
17.60696
24.99241
30.48695
33.7951
34.91887
34.22781
32.2935
29.78632
27.24765
24.94774
22.87061
20.83935
18.6939
16.39017
13.93229
11.34231
8.73308
6.40703
4.49128
2.84706
1.30619
-0.14408
-1.47585
-2.7603
-4.09659
-5.53764
-7.15803
-8.97814
-10.89705
-12.74293
-14.48778
-16.26314
-18.16094
-20.14375
-22.09263
-23.84188
-25.14278
-25.55915
-24.40396
-20.98417
-15.01434
-6.80053
2.84648
12.82192
22.00859
29.54544
34.94019
38.0187
38.89941
37.955
35.80707
33.17268
30.56314
28.10868
25.73444
23.41984
21.19062
18.97971
16.65097
14.15311
11.64894
9.40921
7.53236
5.9222
4.44988
3.0309
1.57362
-0.00848
-1.70589
-3.43732
-5.19133
-7.01783
-8.98286
-11.12217
-13.35074
-15.49677
-17.45797
-19.29825
-21.17683
-23.14866
-25.02615
-26.48747
-27.14921
-26.55766
-24.12298
-19.2987
-11.98806
-2.7792
7.19599
16.69768
24.79564
30.89801
34.79385
36.47904
36.26714
34.61024
32.01048
29.03261
26.1793
23.66445
21.40388
19.23168
17.06586
14.86127
12.65414
10.48667
8.37541
6.31273
4.36863
2.69403
1.31418
0.0387
-1.37611
-3.0497
-4.98996
-7.0618
-9.13352
-11.17371
-13.2015
-15.24986
-17.40856
-19.72484
-22.08373
-24.29798
-26.23684
-27.83175
-28.99633
-29.42124
-28.61866
-26.07588
-21.44761
-14.74161
-6.38374
2.86969
12.04774
20.13092
26.31709
30.2485
31.90574
31.68445
30.20488
28.08124
25.74652
23.46068
21.36572
19.48599
17.75603
16.04849
14.21505
12.25262
10.31575
8.57938
7.07717
5.67952
4.26177
2.88357
1.67365
0.5956
-0.53753
-1.90202
-3.57358
-5.48278
-7.40552
-9.17982
-10.90341
-12.78673
-14.85803
-16.91121
-18.70061
-20.09525
-20.96918
-21.05343
-19.88089
-16.88356
-11.70257
-4.48317
4.08248
13.00381
21.33082
28.26656
33.29966
36.16259
36.94246
36.00706
33.84604
30.9843
27.92431
25.05818
22.54023
20.28203
18.13095
15.96764
13.77183
11.57037
9.40191
7.28678
5.2206
3.25973
1.54283
0.11742
-1.17273
-2.55702
-4.2026
-6.11838
-8.192
-10.27151
-12.26142
-14.13305
-15.92517
-17.77535
-19.83783
-22.09297
-24.27272
-26.09992
-27.29408
-27.47248
-26.05816
-22.51088
-16.67128
-8.93757
-0.17086
8.63976
16.64824
23.08521
27.32134
29.25619
29.21333
27.74522
25.37334
22.52203
19.48967
16.49608
13.76931
11.43945
9.37546
7.32455
5.15841
3.0218
1.12354
-0.44414
-1.77305
-3.04939
-4.43047
-5.95974
-7.53869
-9.02967
-10.41519
-11.81825
-13.33527
-14.99026
-16.78853
-18.73455
-20.73772
-22.64464
-24.34404
-25.70103
-26.45441
-26.19601
-24.35512
-20.41694
-14.27523
-6.37452
2.53029
11.67711
20.28056
27.43246
32.35904
34.79712
35.04281
33.61512
31.05014
27.8794
24.6588
21.78834
19.30128
16.96636
14.59762
12.20713
9.90951
7.76277
5.79358
4.02623
2.4631
1.08741
-0.19463
-1.59172
-3.31045
-5.37078
-7.57475
-9.69169
-11.69987
-13.71275
-15.8328
-18.08416
-20.40642
-22.69616
-24.82622
-26.59437
-27.69102
-27.70843
-26.20028
-22.75999
-17.14431
-9.46991
-0.35522
9.19476
18.13577
25.65256
31.2153
34.58248
35.87786
35.61299
34.33525
32.39109
29.95687
27.23132
24.36426
21.32581
18.03824
14.55077
10.98873
7.44584
4.0818
1.05842
-1.52579
-3.86092
-6.1939
-8.54995
-10.75504
-12.73084
-14.66014
-16.78982
-19.11181
-21.36453
-23.31904
-24.98423
-26.45625
-27.88756
-29.44382
-31.17487
-32.9099
-34.3591
-35.21676
-35.1106
-33.57193
-30.1689
-24.60608
-16.99542
-7.75213
2.42719
12.60815
21.78929
29.16191
34.29016
37.11351
37.87663
37.07322
35.27388
32.9933
30.52581
27.91729
25.11721
22.13105
18.99589
15.7311
12.41501
9.25862
6.44277
3.93022
1.57425
-0.70813
-2.89542
-4.98222
-7.00964
-9.01578
-11.01873
-13.04081
-15.12624
-17.34282
-19.69226
-22.04117
-24.22435
-26.14141
-27.78531
-29.22573
-30.56714
-31.81029
-32.68921
-32.6331
-31.0144
-27.32173
-21.35615
-13.30808
-3.68009
6.7851
17.10486
26.18127
33.09532
37.41345
39.29063
39.31564
38.09713
36.08701
33.59511
30.86929
28.02336
25.02397
21.88715
18.73871
15.62384
12.50806
9.40057
6.4476
3.74431
1.33778
-0.70816
-2.38582
-3.79995
-5.13329
-6.61466
-8.38347
-10.32396
-12.27358
-14.21567
-16.28143
-18.52149
-20.78788
-22.84596
-24.61478
-26.20237
-27.70097
-29.04347
-30.06715
-30.72341
-30.97667
-30.51697
-28.62915
-24.5899
-18.14663
-9.5857
0.44664
11.03738
21.10367
29.58036
35.6568
39.12121
40.22781
39.54567
37.62342
34.9455
31.93695
28.84202
25.66396
22.35774
19.01763
15.76714
12.57521
9.48425
6.64615
4.16139
1.95291
-0.10108
-2.03806
-3.85819
-5.61893
-7.41423
-9.3234
-11.41206
-13.64396
-15.92067
-18.18863
-20.46466
-22.71611
-24.82292
-26.70436
-28.39872
-29.96862
-31.41421
-32.68825
-33.7377
-34.52586
-34.94072
-34.64271
-33.00716
-29.33074
-23.1989
-14.76341
-4.77372
5.791
15.87423
24.44519
30.82164
34.75099
36.39692
36.21484
34.77841
32.64889
30.23486
27.785
25.26856
22.522
19.50682
16.31919
13.06239
9.81452
6.65078
3.62767
0.7821
-1.87227
-4.32759
-6.61325
-8.76878
-10.8885
-13.03478
-15.14133
-17.09391
-18.87428
-20.56911
-22.32898
-24.29433
-26.40952
-28.48382
-30.38291
-32.12121
-33.64873
-34.81538
-35.54106
-35.74661
-35.02884
-32.60084
-27.73426
-20.33433
-10.84365
-0.18383
10.6537
20.6693
28.94381
34.83087
38.14815
39.22131
38.66839
37.05004
34.79182
32.20627
29.60037
27.08663
24.5577
21.82604
18.81216
15.5891
12.3068
9.18314
6.45359
4.16655
2.0854
-0.00371
-2.12934
-4.19072
-6.17663
-8.22434
-10.47184
-12.89102
-15.31844
-17.67359
-20.03751
-22.48351
-24.88589
-27.11173
-29.10825
-30.78037
-31.87922
-32.04076
-30.82659
-27.76223
-22.50605
-15.06204
-5.79398
4.6637
15.24592
24.85651
32.64722
38.17499
41.39142
42.58985
42.28499
41.01137
39.17184
37.05503
34.86727
32.59921
30.10205
27.33283
24.42505
21.57978
18.97003
16.66727
14.62382
12.75943
11.03212
9.45482
8.00781
6.61562
5.20302
3.65951
1.86695
-0.15922
-2.30877
-4.55296
-6.88281
-9.19591
-11.32455
-13.24112
-15.12016
-17.1109
-19.10144
